gLAB/files/disturbance/27_10_2014/c1pg3000.14i
     1.0            IONOSPHERE MAPS     GNSS                IONEX VERSION / TYPE
IONINX V5.3         AIUB                27-OCT-14 07:49     PGM / RUN BY / DATE 
CODE'S 1-DAY PREDICTED IONOSPHERE MAPS FOR DAY 300, 2014    COMMENT             
Global ionosphere maps (GIM) are generated on a daily basis DESCRIPTION         
at CODE using data from about 150 GPS sites of the IGS and  DESCRIPTION         
other institutions. The vertical total electron content     DESCRIPTION         
(VTEC) is modeled in a solar-geomagnetic reference frame    DESCRIPTION         
using a spherical harmonics expansion up to degree and      DESCRIPTION         
order 15. Piece-wise linear functions are used for          DESCRIPTION         
representation in the time domain. The time spacing of      DESCRIPTION         
their vertices is 2 hours, conforming with the epochs of    DESCRIPTION         
the VTEC maps. Instrumental biases, so-called differential  DESCRIPTION         
P1-P2 code biases (DCB), for all GPS satellites and ground  DESCRIPTION         
stations are estimated as constant values for each day,     DESCRIPTION         
simultaneously with the 13 times 256, or 3328 parameters    DESCRIPTION         
used to represent the global VTEC distribution. The DCB     DESCRIPTION         
datum is defined by a zero-mean condition imposed on the    DESCRIPTION         
satellite bias estimates. P1-C1 bias corrections are taken  DESCRIPTION         
into account if needed. To convert line-of-sight TEC into   DESCRIPTION         
vertical TEC, a modified single-layer model mapping         DESCRIPTION         
function approximating the JPL extended slab model mapping  DESCRIPTION         
function is adopted. The mapping function is evaluated at   DESCRIPTION         
geodetic satellite elevation angles. For the computation of DESCRIPTION         
the ionospheric pierce points, a spherical layer with a     DESCRIPTION         
radius of 6821 km is assumed, implying geocentric, not      DESCRIPTION         
geodetic IONEX latitudes.                                   DESCRIPTION         
Contact address: stefan.schaer or code @aiub.unibe.ch       DESCRIPTION         
Web page:        www.aiub.unibe.ch/content/ionosphere/      DESCRIPTION         
Data archive:    ftp.unibe.ch/aiub/CODE/                    DESCRIPTION         
  2014    10    27     0     0     0                        EPOCH OF FIRST MAP  
  2014    10    28     0     0     0                        EPOCH OF LAST MAP   
  7200                                                      INTERVAL            
    13                                                      # OF MAPS IN FILE   
  NONE                                                      MAPPING FUNCTION    
    10.0                                                    ELEVATION CUTOFF    
One-way carrier phase leveled to code                       OBSERVABLES USED    
  6371.0                                                    BASE RADIUS         
     2                                                      MAP DIMENSION       
   450.0 450.0   0.0                                        HGT1 / HGT2 / DHGT  
    87.5 -87.5  -2.5                                        LAT1 / LAT2 / DLAT  
  -180.0 180.0   5.0                                        LON1 / LON2 / DLON  
    -1                                                      EXPONENT            
TEC/RMS values in 0.1 TECU; 9999, if no value available     COMMENT             
                                                            END OF HEADER       
[from data line 2574]
     7                                                      START OF TEC MAP    
  2014    10    27    12     0     0                        EPOCH OF CURRENT MAP
    87.5-180.0 180.0   5.0 450.0                            LAT/LON1/LON2/DLON/H
  171  173  175  178  180  182  184  186  188  190  191  193  194  195  196  197
  198  198  198  198  198  198  197  196  195  194  193  191  189  187  185  182
  180  177  174  171  169  166  163  160  157  154  152  150  147  145  144  142
  141  140  139  139  139  139  139  140  140  141  142  144  145  147  149  151
  153  155  157  159  161  164  166  168  171
    85.0-180.0 180.0   5.0 450.0                            LAT/LON1/LON2/DLON/H
  161  164  168  172  175  179  182  185  189  192  194  197  199  202  204  205
  207  208  209  209  210  210  209  209  208  206  205  202  200  197  193  189
  185  180  175  169  164  158  152  146  140  135  130  125  121  117  114  111
  109  107  107  106  106  107  108  110  111  113  116  118  121  124  127  130
  134  137  140  143  147  150  154  157  161
    82.5-180.0 180.0   5.0 450.0                            LAT/LON1/LON2/DLON/H
  144  147  151  155  159  163  167  171  174  178  182  185  188  190  193  195
  197  199  201  202  204  205  206  207  207  207  207  206  204  202  199  195
  190  184  177  170  163  155  146  138  130  122  115  108  102   97   93   89
   87   85   85   85   86   87   89   92   94   97  101  104  107  110  113  117
  120  123  125  128  131  134  137  141  144
    80.0-180.0 180.0   5.0 450.0                            LAT/LON1/LON2/DLON/H
  124  126  129  132  135  139  142  146  150  154  157  160  163  166  169  171
  173  175  178  180  183  186  189  192  196  199  201  203  205  205  204  201
  197  192  186  178  170  161  151  141  131  122  113  105   98   92   87   84
   82   81   81   81   83   85   88   91   94   97  100  103  105  108  110  112
  113  115  116  117  118  119  120  122  124
    77.5-180.0 180.0   5.0 450.0                            LAT/LON1/LON2/DLON/H
  106  106  107  109  111  114  117  120  123  126  129  132  134  136  138  140
  142  144  147  150  154  159  165  171  178  185  192  198  204  208  210  211
  209  206  201  194  186  177  167  156  146  136  127  118  111  105  101   98
   96   95   95   96   98  100  102  105  107  109  111  113  114  115  116  116
  115  114  113  111  110  108  107  106  106
    75.0-180.0 180.0   5.0 450.0                            LAT/LON1/LON2/DLON/H
   95   93   93   93   93   95   97   99  101  103  105  107  109  110  111  112
  114  115  118  122  126  133  141  150  160  171  183  194  203  212  218  222
  224  224  221  216  210  202  193  183  173  164  155  147  140  135  130  128
  126  125  125  125  126  126  127  128  128  128  128  128  128  127  125  123
  121  118  115  111  108  104  100   97   95
    72.5-180.0 180.0   5.0 450.0                            LAT/LON1/LON2/DLON/H
   93   90   88   86   86   87   88   89   90   91   92   93   93   94   94   94
   95   95   97  101  106  113  122  134  147  162  177  191  205  218  228  235
  240  243  243  241  237  231  224  216  208  200  192  185  178  173  169  166
  164  162  160  159  157  155  153  150  147  145  142  139  137  134  132  129
  126  122  118  114  110  105  101   96   93
    70.0-180.0 180.0   5.0 450.0                            LAT/LON1/LON2/DLON/H
   97   94   92   90   90   90   90   90   90   90   90   90   89   89   89   88
   88   88   89   91   96  103  113  126  141  157  175  192  209  224  237  247
  255  260  263  264  263  260  256  251  245  238  231  225  219  213  209  205
  201  197  193  188  183  177  171  164  158  152  146  141  136  132  129  127
  124  122  119  117  113  109  105  101   97
    67.5-180.0 180.0   5.0 450.0                            LAT/LON1/LON2/DLON/H
  105  103  101  101  100  100  100  100   99   98   97   96   95   95   94   93
   92   91   91   92   95  102  112  124  140  158  176  195  213  230  244  257
  267  275  280  284  286  287  285  283  279  273  267  261  254  248  242  237
  231  225  217  209  200  189  178  167  156  147  138  130  124  120  117  115
  115  115  115  115  114  113  110  108  105
    65.0-180.0 180.0   5.0 450.0                            LAT/LON1/LON2/DLON/H
  111  111  110  111  112  112  113  113  112  110  108  107  106  105  105  104
  102  100   99   99  101  106  115  128  143  161  180  199  217  235  250  264
  276  285  294  300  305  309  310  310  307  302  296  289  282  274  267  259
  251  242  232  220  207  192  177  162  147  134  122  113  105  100   97   96
   98  101  104  107  110  112  112  112  111
    62.5-180.0 180.0   5.0 450.0                            LAT/LON1/LON2/DLON/H
  112  113  114  116  118  120  122  122  121  120  118  117  116  115  115  114
  112  110  107  106  108  113  121  133  148  165  184  203  221  239  256  271
  284  295  306  314  322  327  331  332  330  325  319  310  301  292  282  273
  264  253  241  226  209  191  173  155  138  122  108   96   87   81   77   77
   80   84   90   96  102  107  110  111  112
    60.0-180.0 180.0   5.0 450.0                            LAT/LON1/LON2/DLON/H
  107  109  111  113  117  120  123  124  124  123  122  121  120  121  121  120
  118  115  112  111  112  117  126  139  154  170  188  207  226  245  263  280
  294  307  319  329  338  344  349  350  349  344  336  326  315  305  294  284
  274  263  249  234  215  196  175  155  137  119  104   90   80   72   67   66
   68   73   79   86   93   99  103  106  107
    57.5-180.0 180.0   5.0 450.0                            LAT/LON1/LON2/DLON/H
  100  101  102  104  108  113  117  120  121  120  119  119  119  120  120  120
  118  115  112  111  113  120  130  144  159  176  194  214  234  254  274  293
  309  324  336  347  355  362  366  368  366  360  352  341  329  318  307  297
  288  277  264  249  230  210  189  169  150  132  116  101   89   79   72   69
   69   72   77   83   89   94   97   99  100
    55.0-180.0 180.0   5.0 450.0                            LAT/LON1/LON2/DLON/H
   95   94   93   94   97  102  107  111  113  113  113  113  114  115  115  114
  112  109  107  107  112  122  135  150  167  185  203  223  245  267  290  311
  329  344  357  367  375  381  384  385  382  377  369  358  347  335  325  317
  309  300  288  274  256  236  216  196  177  160  144  129  115  104   95   89
   86   86   87   90   93   96   97   97   95
    52.5-180.0 180.0   5.0 450.0                            LAT/LON1/LON2/DLON/H
   98   94   90   89   91   94   99  103  106  107  108  108  108  109  109  107
  105  102  101  104  112  125  141  160  178  196  215  235  258  284  309  331
  351  366  378  388  395  399  401  402  399  395  388  379  369  358  349  342
  336  329  319  305  288  268  248  229  211  194  179  165  152  140  130  122
  116  113  110  109  108  107  105  102   98
    50.0-180.0 180.0   5.0 450.0                            LAT/LON1/LON2/DLON/H
  111  104   98   94   93   95   99  102  105  107  107  107  107  106  105  103
  100   97   98  103  114  131  151  172  192  210  229  250  274  300  327  351
  371  386  398  407  413  416  418  418  416  414  410  403  394  385  377  371
  366  360  350  336  319  298  277  257  240  225  212  199  187  177  167  159
  153  147  141  136  132  128  123  118  111
    47.5-180.0 180.0   5.0 450.0                            LAT/LON1/LON2/DLON/H
  132  123  116  110  108  108  109  112  113  114  114  114  112  110  107  103
   99   97   99  107  121  141  165  188  209  226  244  264  287  314  341  364
  384  399  411  420  427  431  432  432  433  433  432  428  421  412  404  398
  392  386  375  359  339  317  294  273  255  242  230  220  211  204  197  191
  185  179  172  166  159  153  147  140  132
    45.0-180.0 180.0   5.0 450.0                            LAT/LON1/LON2/DLON/H
  156  148  140  134  131  129  129  130  130  131  130  127  124  119  114  109
  104  102  105  115  131  154  180  204  225  242  257  275  297  322  347  369
  388  403  416  428  437  443  445  447  450  453  454  452  446  437  428  420
  412  402  389  370  346  320  294  271  253  239  230  224  218  214  210  208
  205  201  195  189  183  177  171  164  156
    42.5-180.0 180.0   5.0 450.0                            LAT/LON1/LON2/DLON/H
  175  169  163  159  156  154  153  153  152  151  150  146  140  133  126  119
  113  111  114  125  143  167  193  218  238  254  267  281  300  322  344  365
  382  399  416  432  446  455  461  465  469  474  477  476  469  458  447  435
  424  411  393  370  342  311  282  256  237  224  217  213  210  208  208  208
  208  207  205  201  196  191  187  181  175
    40.0-180.0 180.0   5.0 450.0                            LAT/LON1/LON2/DLON/H
  183  180  178  177  176  175  174  174  173  172  169  164  157  148  139  130
  123  121  125  136  154  178  204  229  248  262  272  283  298  316  336  354
  372  391  413  437  458  473  482  488  494  500  503  501  492  479  464  449
  435  418  396  369  337  303  270  242  222  209  203  201  199  197  197  197
  199  200  201  199  197  194  190  187  183
    37.5-180.0 180.0   5.0 450.0                            LAT/LON1/LON2/DLON/H
  177  176  178  181  184  185  186  186  186  186  184  178  170  160  149  139
  132  130  134  146  164  187  212  236  255  267  275  283  294  310  327  345
  364  388  417  449  478  500  513  521  527  533  535  531  519  503  486  470
  453  433  409  380  347  312  277  247  226  213  208  205  201  196  192  188
  188  188  189  189  188  185  182  179  177
    35.0-180.0 180.0   5.0 450.0                            LAT/LON1/LON2/DLON/H
  159  160  164  171  176  181  184  186  188  190  189  185  177  167  156  146
  138  136  141  153  172  195  219  242  260  272  279  284  294  307  325  344
  366  396  433  474  511  538  555  565  572  577  577  570  556  538  521  505
  488  469  445  417  386  352  318  288  266  253  247  242  234  221  207  195
  187  183  181  179  177  173  167  162  159
    32.5-180.0 180.0   5.0 450.0                            LAT/LON1/LON2/DLON/H
  139  138  142  150  157  163  168  173  179  183  185  183  177  168  158  148
  141  140  146  161  181  204  228  250  268  280  286  291  300  314  334  357
  385  421  465  513  556  588  608  620  627  632  630  620  605  589  574  562
  549  532  512  488  462  432  400  370  348  335  328  319  304  281  255  230
  210  196  187  181  174  165  155  145  139
    30.0-180.0 180.0   5.0 450.0                            LAT/LON1/LON2/DLON/H
  126  121  122  127  133  138  144  152  161  168  173  173  170  164  156  148
  142  142  151  169  192  217  241  263  281  293  299  304  315  334  359  389
  423  465  514  566  612  646  667  681  690  694  692  682  668  655  646  640
  633  623  608  591  571  547  518  489  467  453  444  432  409  376  336  296
  261  235  216  202  188  173  155  138  126
    27.5-180.0 180.0   5.0 450.0                            LAT/LON1/LON2/DLON/H
  131  119  114  113  114  115  120  129  139  150  156  159  159  157  152  146
  141  144  157  180  207  234  258  280  298  310  317  325  340  364  398  435
  477  523  574  626  671  704  727  742  754  760  759  750  740  732  732  734
  735  731  723  713  700  681  655  626  603  588  577  561  533  491  440  387
  339  300  270  246  225  201  175  151  131
    25.0-180.0 180.0   5.0 450.0                            LAT/LON1/LON2/DLON/H
  158  139  126  116  108  103  103  110  121  132  140  144  146  148  147  143
  140  145  163  193  226  255  280  301  318  330  339  350  370  403  446  492
  539  588  637  685  726  757  779  797  812  822  824  819  813  813  820  831
  839  841  838  834  826  809  783  753  727  709  697  680  649  604  548  488
  430  381  341  310  281  250  217  185  158
    22.5-180.0 180.0   5.0 450.0                            LAT/LON1/LON2/DLON/H
  206  181  159  139  120  105   99  102  111  120  126  130  134  139  142  140
  139  147  170  205  244  277  302  321  337  349  360  376  403  444  496  550
  602  650  695  736  770  797  819  840  859  874  880  879  879  884  898  915
  927  932  933  930  923  907  878  843  812  791  777  760  732  690  637  578
  518  464  419  382  348  312  275  238  206
    20.0-180.0 180.0   5.0 450.0                            LAT/LON1/LON2/DLON/H
  267  238  209  179  148  123  109  106  111  116  118  120  124  131  136  137
  137  147  174  216  259  294  319  336  351  364  378  399  433  483  542  602
  655  701  740  773  799  822  844  868  892  912  922  925  928  937  954  972
  985  990  989  985  975  953  918  876  838  813  797  783  762  730  688  639
  585  533  487  449  414  377  338  300  267
    17.5-180.0 180.0   5.0 450.0                            LAT/LON1/LON2/DLON/H
  326  297  265  227  187  152  130  121  120  119  116  113  116  124  130  132
  133  145  176  221  268  304  327  343  357  373  391  418  459  515  579  641
  694  736  769  794  814  833  855  883  911  934  947  953  957  966  981  996
 1006 1007 1001  991  974  945  901  850  805  774  757  746  734  717  693  660
  620  575  534  498  465  431  394  358  326
    15.0-180.0 180.0   5.0 450.0                            LAT/LON1/LON2/DLON/H
  372  346  313  272  226  185  157  142  134  127  117  110  111  117  124  126
  128  141  174  222  269  305  327  342  358  376  400  433  480  541  606  667
  716  754  782  802  818  835  859  888  919  943  957  963  965  970  979  988
  991  986  973  955  929  891  838  778  725  689  670  662  660  659  655  642
  618  586  552  522  494  464  431  399  372
    12.5-180.0 180.0   5.0 450.0                            LAT/LON1/LON2/DLON/H
  396  374  344  303  256  213  182  164  151  137  122  111  108  113  119  120
  122  136  169  217  264  298  319  336  355  379  409  449  500  561  624  680
  724  758  782  800  815  834  859  890  920  943  955  959  957  955  956  957
  953  941  921  895  861  815  754  687  628  587  566  560  565  578  592  597
  589  568  544  521  498  472  444  418  396
    10.0-180.0 180.0   5.0 450.0                            LAT/LON1/LON2/DLON/H
  396  379  354  316  272  231  201  181  165  147  128  113  108  111  115  115
  117  132  165  212  257  289  310  330  354  386  423  468  522  580  636  684
  722  752  776  795  813  835  862  892  919  939  947  947  940  931  923  917
  907  891  867  836  796  744  680  609  546  502  478  472  481  501  526  544
  547  535  518  500  482  460  435  413  396
     7.5-180.0 180.0   5.0 450.0                            LAT/LON1/LON2/DLON/H
  378  365  344  311  272  237  211  193  175  156  135  119  112  112  113  113
  115  130  164  209  251  282  306  330  362  401  445  493  546  599  646  684
  715  743  769  791  814  839  869  898  921  935  939  935  923  908  893  882
  871  855  830  797  756  704  640  570  506  460  434  425  432  453  480  502
  509  501  487  472  456  435  412  392  378
     5.0-180.0 180.0   5.0 450.0                            LAT/LON1/LON2/DLON/H
  352  340  322  295  263  235  215  199  183  163  143  127  119  117  115  114
  117  134  168  212  252  283  310  341  380  425  474  524  573  618  654  683
  708  735  763  790  818  848  879  906  924  932  933  926  912  893  876  864
  855  843  821  791  753  705  646  581  521  475  446  434  435  449  469  486
  489  479  464  449  432  411  387  366  352
     2.5-180.0 180.0   5.0 450.0                            LAT/LON1/LON2/DLON/H
  332  318  301  277  252  231  216  204  189  170  152  138  129  125  121  118
  123  143  179  222  261  293  324  362  407  457  508  556  600  636  661  681
  702  728  760  792  824  857  889  913  927  931  930  922  908  889  873  865
  862  856  841  816  785  746  696  638  582  539  510  493  486  488  496  500
  493  477  457  439  420  397  371  348  332
