gLAB/files/disturbance/27_10_2014/c1pg3000.14i
     1.0            IONOSPHERE MAPS     GNSS                IONEX VERSION / TYPE
IONINX V5.3         AIUB                27-OCT-14 07:49     PGM / RUN BY / DATE 
CODE'S 1-DAY PREDICTED IONOSPHERE MAPS FOR DAY 300, 2014    COMMENT             
Global ionosphere maps (GIM) are generated on a daily basis DESCRIPTION         
at CODE using data from about 150 GPS sites of the IGS and  DESCRIPTION         
other institutions. The vertical total electron content     DESCRIPTION         
(VTEC) is modeled in a solar-geomagnetic reference frame    DESCRIPTION         
using a spherical harmonics expansion up to degree and      DESCRIPTION         
order 15. Piece-wise linear functions are used for          DESCRIPTION         
representation in the time domain. The time spacing of      DESCRIPTION         
their vertices is 2 hours, conforming with the epochs of    DESCRIPTION         
the VTEC maps. Instrumental biases, so-called differential  DESCRIPTION         
P1-P2 code biases (DCB), for all GPS satellites and ground  DESCRIPTION         
stations are estimated as constant values for each day,     DESCRIPTION         
simultaneously with the 13 times 256, or 3328 parameters    DESCRIPTION         
used to represent the global VTEC distribution. The DCB     DESCRIPTION         
datum is defined by a zero-mean condition imposed on the    DESCRIPTION         
satellite bias estimates. P1-C1 bias corrections are taken  DESCRIPTION         
into account if needed. To convert line-of-sight TEC into   DESCRIPTION         
vertical TEC, a modified single-layer model mapping         DESCRIPTION         
function approximating the JPL extended slab model mapping  DESCRIPTION         
function is adopted. The mapping function is evaluated at   DESCRIPTION         
geodetic satellite elevation angles. For the computation of DESCRIPTION         
the ionospheric pierce points, a spherical layer with a     DESCRIPTION         
radius of 6821 km is assumed, implying geocentric, not      DESCRIPTION         
geodetic IONEX latitudes.                                   DESCRIPTION         
Contact address: stefan.schaer or code @aiub.unibe.ch       DESCRIPTION         
Web page:        www.aiub.unibe.ch/content/ionosphere/      DESCRIPTION         
Data archive:    ftp.unibe.ch/aiub/CODE/                    DESCRIPTION         
  2014    10    27     0     0     0                        EPOCH OF FIRST MAP  
  2014    10    28     0     0     0                        EPOCH OF LAST MAP   
  7200                                                      INTERVAL            
    13                                                      # OF MAPS IN FILE   
  NONE                                                      MAPPING FUNCTION    
    10.0                                                    ELEVATION CUTOFF    
One-way carrier phase leveled to code                       OBSERVABLES USED    
  6371.0                                                    BASE RADIUS         
     2                                                      MAP DIMENSION       
   450.0 450.0   0.0                                        HGT1 / HGT2 / DHGT  
    87.5 -87.5  -2.5                                        LAT1 / LAT2 / DLAT  
  -180.0 180.0   5.0                                        LON1 / LON2 / DLON  
    -1                                                      EXPONENT            
TEC/RMS values in 0.1 TECU; 9999, if no value available     COMMENT             
                                                            END OF HEADER       
[from data line 3861]
    10                                                      START OF TEC MAP    
  2014    10    27    18     0     0                        EPOCH OF CURRENT MAP
    87.5-180.0 180.0   5.0 450.0                            LAT/LON1/LON2/DLON/H
  225  227  230  232  235  237  239  242  244  246  248  250  252  253  255  256
  257  257  257  257  257  256  255  254  253  251  249  247  244  242  239  236
  234  231  228  225  222  220  217  215  212  210  208  206  204  203  201  200
  199  199  198  198  198  198  198  199  199  200  201  202  203  205  206  208
  209  211  213  214  216  218  221  223  225
    85.0-180.0 180.0   5.0 450.0                            LAT/LON1/LON2/DLON/H
  205  209  212  216  221  225  230  235  240  245  249  254  258  262  266  268
  271  272  273  273  272  271  269  266  263  259  255  250  246  241  235  230
  225  219  214  209  203  198  194  189  185  181  177  174  172  169  167  166
  165  164  164  164  164  165  166  168  169  171  173  174  176  179  181  183
  185  187  189  191  194  196  199  202  205
    82.5-180.0 180.0   5.0 450.0                            LAT/LON1/LON2/DLON/H
  176  179  183  187  192  198  205  212  220  227  235  243  251  257  263  268
  272  275  276  276  275  273  269  265  260  254  248  241  234  227  220  213
  206  200  193  186  180  174  168  163  157  153  149  145  142  139  137  136
  135  135  136  137  138  140  142  144  146  149  151  154  156  158  160  162
  164  165  167  168  169  171  172  174  176
    80.0-180.0 180.0   5.0 450.0                            LAT/LON1/LON2/DLON/H
  146  147  149  153  158  164  171  180  190  200  212  223  233  243  252  259
  265  269  270  270  268  264  259  253  246  238  230  222  214  206  198  191
  184  177  171  164  158  152  147  141  137  132  128  124  122  120  118  118
  118  118  120  122  124  126  129  132  135  138  141  143  146  148  149  150
  151  151  150  150  149  148  147  146  146
    77.5-180.0 180.0   5.0 450.0                            LAT/LON1/LON2/DLON/H
  124  122  121  122  126  131  139  148  159  172  186  200  213  226  238  247
  254  258  260  259  256  251  244  236  227  217  208  199  190  182  174  168
  162  156  151  146  142  137  133  129  125  121  118  116  114  113  112  113
  114  115  118  120  123  126  129  132  135  138  140  143  144  146  147  147
  146  145  143  140  137  134  130  126  124
    75.0-180.0 180.0   5.0 450.0                            LAT/LON1/LON2/DLON/H
  113  108  105  104  105  109  116  125  136  150  165  181  197  213  226  237
  245  250  252  251  246  239  231  221  210  199  188  178  169  161  154  148
  144  140  137  134  131  129  126  124  121  119  117  116  116  116  117  118
  121  123  126  129  132  135  137  140  142  144  146  147  148  149  150  149
  148  146  144  140  135  130  124  118  113
    72.5-180.0 180.0   5.0 450.0                            LAT/LON1/LON2/DLON/H
  115  109  104  101  100  102  107  115  126  140  155  172  189  206  221  234
  243  249  251  249  244  237  227  215  203  190  178  167  157  148  141  136
  132  129  127  126  125  124  123  122  121  121  120  120  121  123  125  128
  132  135  138  141  144  146  148  149  150  151  151  152  152  153  153  153
  152  151  148  145  140  135  128  122  115
    70.0-180.0 180.0   5.0 450.0                            LAT/LON1/LON2/DLON/H
  125  119  114  110  109  110  113  120  129  141  156  172  190  207  223  237
  248  256  259  258  254  246  236  224  210  196  182  169  158  147  139  133
  128  125  123  122  121  121  120  120  120  120  121  122  125  128  131  135
  140  143  147  150  151  153  153  153  153  153  153  152  152  152  152  152
  152  152  151  149  146  142  137  131  125
    67.5-180.0 180.0   5.0 450.0                            LAT/LON1/LON2/DLON/H
  136  132  128  126  125  126  129  135  142  152  165  180  197  214  231  247
  260  270  276  277  275  269  259  247  232  217  201  186  172  160  149  140
  133  127  123  120  118  117  116  115  115  115  116  118  121  125  129  134
  139  143  146  148  149  150  149  149  148  147  146  145  145  144  144  144
  145  146  147  148  147  146  143  140  136
    65.0-180.0 180.0   5.0 450.0                            LAT/LON1/LON2/DLON/H
  139  139  139  140  142  145  149  154  160  168  178  191  207  224  242  260
  276  289  298  303  304  300  292  281  267  250  233  216  199  184  170  157
  147  138  130  123  118  113  110  108  106  106  107  108  111  115  119  124
  128  132  134  135  136  136  135  135  135  134  134  133  131  130  129  129
  130  132  134  137  139  140  141  140  139
    62.5-180.0 180.0   5.0 450.0                            LAT/LON1/LON2/DLON/H
  132  135  140  145  152  158  165  171  177  184  192  203  218  234  253  273
  292  308  322  331  335  335  330  320  306  290  272  254  235  218  201  185
  171  157  144  133  122  114  107  102   99   97   96   97   99  101  105  108
  111  113  115  115  115  115  115  115  116  117  118  117  116  113  111  110
  109  111  114  118  122  125  127  130  132
    60.0-180.0 180.0   5.0 450.0                            LAT/LON1/LON2/DLON/H
  115  121  130  141  153  164  175  183  191  198  205  215  228  244  264  285
  306  326  343  356  365  368  365  357  345  330  312  294  276  258  240  222
  204  186  167  150  135  121  111  103   97   93   91   90   90   91   92   94
   95   95   95   94   93   93   94   96   99  102  104  104  102   99   95   91
   89   90   92   96  100  103  107  110  115
    57.5-180.0 180.0   5.0 450.0                            LAT/LON1/LON2/DLON/H
   94  102  114  129  146  163  179  192  202  210  218  227  239  255  274  296
  319  341  360  376  388  394  393  387  377  363  349  333  318  302  284  265
  244  222  199  176  155  137  123  112  105   99   95   93   91   90   89   88
   86   84   81   79   77   77   79   83   89   94   97   98   96   91   85   79
   75   74   75   77   80   83   85   89   94
    55.0-180.0 180.0   5.0 450.0                            LAT/LON1/LON2/DLON/H
   77   86  100  118  139  161  182  199  213  224  233  243  254  269  288  309
  332  354  374  391  403  410  412  407  399  388  377  367  356  344  328  309
  287  261  234  206  181  160  143  131  122  116  111  107  103  100   96   93
   89   85   80   77   74   74   77   82   88   95   99  101   98   93   85   78
   72   69   69   70   71   72   72   73   77
    52.5-180.0 180.0   5.0 450.0                            LAT/LON1/LON2/DLON/H
   73   81   95  115  139  164  189  210  228  243  254  264  276  290  307  327
  347  367  385  401  413  420  421  418  411  404  398  393  388  380  367  348
  324  295  265  235  208  184  167  154  145  139  134  129  124  119  115  110
  105   99   93   88   84   84   86   91   98  105  109  111  108  102   94   87
   81   77   76   77   76   75   73   71   73
    50.0-180.0 180.0   5.0 450.0                            LAT/LON1/LON2/DLON/H
   85   92  105  125  150  177  204  229  250  268  282  293  305  318  334  350
  367  383  397  410  419  424  425  422  417  413  412  413  412  407  395  375
  348  318  286  255  227  204  187  176  168  163  157  152  147  142  137  132
  127  121  114  109  105  104  106  109  115  120  124  125  122  117  110  104
   99   97   97   97   96   93   89   85   85
    47.5-180.0 180.0   5.0 450.0                            LAT/LON1/LON2/DLON/H
  111  116  130  149  173  200  228  255  279  300  316  328  340  353  366  380
  392  403  413  421  427  429  428  424  420  419  422  427  429  423  409  385
  356  324  292  263  236  216  201  191  185  180  175  169  164  160  156  153
  149  143  138  133  129  128  128  130  133  136  138  138  135  132  127  124
  122  122  124  125  125  122  117  112  111
    45.0-180.0 180.0   5.0 450.0                            LAT/LON1/LON2/DLON/H
  143  149  163  183  206  232  259  286  312  334  352  366  378  389  401  412
  421  428  432  436  438  437  434  429  425  426  431  437  438  429  409  381
  348  316  286  259  236  218  205  197  192  187  182  176  171  168  166  165
  163  160  156  152  149  147  147  147  147  147  147  146  144  142  141  142
  143  146  150  153  154  152  147  143  143
    42.5-180.0 180.0   5.0 450.0                            LAT/LON1/LON2/DLON/H
  171  181  197  218  241  266  292  318  344  367  386  400  412  424  435  445
  451  454  455  455  454  451  445  439  435  436  441  446  443  429  402  367
  332  301  275  253  234  219  207  199  193  188  181  174  169  166  166  167
  167  166  163  161  160  159  157  156  154  152  150  148  146  147  149  153
  158  163  168  172  175  174  171  169  171
    40.0-180.0 180.0   5.0 450.0                            LAT/LON1/LON2/DLON/H
  187  201  222  246  271  295  320  346  371  394  413  428  440  452  464  474
  479  480  479  477  474  469  463  455  450  451  454  456  449  428  395  356
  321  294  274  257  242  228  215  205  197  189  180  170  163  160  161  162
  163  163  162  161  161  161  159  157  154  151  147  145  144  146  150  157
  163  169  174  177  180  180  180  181  187
    37.5-180.0 180.0   5.0 450.0                            LAT/LON1/LON2/DLON/H
  187  207  233  261  289  314  339  364  390  413  432  446  459  472  485  495
  501  503  501  499  496  491  484  476  471  470  472  471  460  435  400  362
  332  311  299  288  274  257  240  226  214  202  189  177  167  161  159  159
  158  157  156  155  156  157  156  154  151  147  144  141  140  142  147  154
  160  164  166  168  169  170  172  176  187
    35.0-180.0 180.0   5.0 450.0                            LAT/LON1/LON2/DLON/H
  173  198  230  263  294  322  348  374  400  423  442  456  470  484  498  510
  517  520  520  519  517  513  507  500  494  493  495  494  482  459  427  397
  377  367  362  354  338  315  291  270  252  237  221  204  189  178  171  167
  163  158  155  153  153  154  154  152  150  147  144  141  139  139  143  148
  152  152  150  148  147  148  150  157  173
    32.5-180.0 180.0   5.0 450.0                            LAT/LON1/LON2/DLON/H
  152  181  218  256  290  320  348  376  403  427  446  461  475  490  505  518
  526  531  533  534  534  533  528  523  519  520  523  524  518  503  484  469
  462  464  466  458  436  403  368  338  315  297  278  258  237  220  206  194
  184  175  167  163  161  160  159  157  156  154  152  148  144  142  143  144
  144  139  132  125  122  121  124  133  152
    30.0-180.0 180.0   5.0 450.0                            LAT/LON1/LON2/DLON/H
  134  166  206  247  284  316  346  375  404  429  450  466  481  495  510  523
  532  537  541  544  547  547  546  544  544  549  556  564  569  570  570  574
  585  597  602  589  556  509  461  423  396  377  357  335  309  284  261  242
  226  211  198  189  184  180  177  174  172  171  168  164  157  152  148  146
  141  131  119  109  102  100  103  113  134
    27.5-180.0 180.0   5.0 450.0                            LAT/LON1/LON2/DLON/H
  128  162  203  244  281  314  345  376  407  434  456  474  490  505  518  529
  537  542  546  551  555  559  561  564  570  580  594  612  632  653  676  701
  727  748  751  728  680  617  557  511  482  463  446  423  393  361  331  305
  283  264  247  233  222  214  207  201  197  195  192  186  177  167  160  154
  145  132  116  104   96   93   95  106  128
    25.0-180.0 180.0   5.0 450.0                            LAT/LON1/LON2/DLON/H
  139  174  214  253  288  319  350  382  414  444  469  489  507  521  533  541
  545  548  552  557  563  569  575  585  597  613  635  664  700  742  787  831
  868  889  885  849  784  706  634  582  553  538  525  503  471  434  400  370
  347  325  305  287  271  258  246  236  228  224  219  210  198  186  175  166
  156  141  125  112  104  101  104  116  139
    22.5-180.0 180.0   5.0 450.0                            LAT/LON1/LON2/DLON/H
  165  200  239  275  306  334  363  395  428  459  488  512  531  546  555  560
  561  561  563  567  573  581  592  608  627  650  678  716  766  825  886  942
  982  997  981  929  849  758  677  621  594  583  575  557  525  488  452  425
  404  384  364  342  321  303  286  271  259  250  242  232  218  203  191  181
  170  157  142  131  124  122  127  140  165
    20.0-180.0 180.0   5.0 450.0                            LAT/LON1/LON2/DLON/H
  197  234  273  306  332  357  383  414  447  481  512  540  562  578  586  587
  585  583  583  586  591  600  615  636  661  689  721  764  822  890  959 1016
 1049 1053 1021  955  864  764  678  621  595  589  585  571  543  508  477  457
  444  430  411  388  363  341  320  301  284  270  259  246  230  215  203  194
  185  174  163  154  150  149  154  170  197
    17.5-180.0 180.0   5.0 450.0                            LAT/LON1/LON2/DLON/H
  227  268  308  339  363  384  409  438  471  506  540  571  597  615  622  622
  618  615  614  616  620  630  647  672  700  730  762  805  862  930  995 1042
 1062 1050 1005  929  832  730  642  585  559  555  554  544  521  493  472  464
  462  457  442  417  390  366  343  320  299  281  266  251  236  221  210  203
  196  189  181  175  172  172  178  196  227
    15.0-180.0 180.0   5.0 450.0                            LAT/LON1/LON2/DLON/H
  246  292  335  368  392  412  436  465  498  534  570  604  633  653  663  664
  660  657  656  658  662  671  688  714  743  771  800  836  885  942  994 1024
 1026  998  944  865  770  671  585  527  500  495  495  488  471  453  445  451
  463  467  455  429  401  375  353  330  307  285  267  250  235  221  212  206
  202  197  192  189  186  185  191  210  246
    12.5-180.0 180.0   5.0 450.0                            LAT/LON1/LON2/DLON/H
  250  302  351  388  414  437  463  494  528  564  601  637  669  692  704  708
  707  707  708  710  714  722  738  762  789  812  833  858  893  934  965  974
  957  918  862  788  702  610  529  470  440  429  427  422  412  405  411  431
  455  466  456  429  398  373  353  332  309  285  264  247  231  219  211  206
  202  199  195  192  188  185  189  210  250
    10.0-180.0 180.0   5.0 450.0                            LAT/LON1/LON2/DLON/H
  240  298  353  396  429  458  489  523  558  595  633  670  703  728  743  752
  756  760  764  769  773  780  792  812  833  850  861  874  892  913  922  911
  880  837  786  725  652  571  495  436  399  383  376  372  369  372  390  422
  453  467  455  424  391  367  350  333  311  287  264  245  230  218  210  205
  200  196  192  188  182  175  176  197  240
     7.5-180.0 180.0   5.0 450.0                            LAT/LON1/LON2/DLON/H
  223  285  346  396  436  474  513  552  590  628  666  702  735  761  780  793
  802  812  821  828  833  838  847  860  874  883  885  886  889  891  882  856
  818  778  739  695  638  568  497  437  396  373  363  359  361  372  399  436
  468  480  462  425  388  364  350  337  318  294  270  250  234  222  213  205
  198  192  187  181  172  160  158  177  223
     5.0-180.0 180.0   5.0 450.0                            LAT/LON1/LON2/DLON/H
  207  270  335  391  440  487  535  580  622  661  698  733  765  791  811  828
  843  857  871  882  888  892  895  902  909  911  907  899  891  879  857  823
  787  757  734  707  664  604  538  479  435  408  395  391  397  414  442  477
  504  507  480  436  395  369  357  347  330  307  283  261  244  231  220  210
  200  190  183  176  163  149  143  161  207
     2.5-180.0 180.0   5.0 450.0                            LAT/LON1/LON2/DLON/H
  199  262  327  387  443  498  554  606  651  691  728  762  791  816  838  857
  874  892  909  924  932  934  934  934  936  933  925  914  900  881  853  819
  790  774  766  753  720  668  607  551  509  481  467  465  473  490  515  541
  556  546  509  457  411  383  371  362  347  324  299  276  258  244  232  219
  205  193  184  175  162  146  138  154  199
