gLAB/files/disturbance/27_10_2014/c1pg3000.14i
     1.0            IONOSPHERE MAPS     GNSS                IONEX VERSION / TYPE
IONINX V5.3         AIUB                27-OCT-14 07:49     PGM / RUN BY / DATE 
CODE'S 1-DAY PREDICTED IONOSPHERE MAPS FOR DAY 300, 2014    COMMENT             
Global ionosphere maps (GIM) are generated on a daily basis DESCRIPTION         
at CODE using data from about 150 GPS sites of the IGS and  DESCRIPTION         
other institutions. The vertical total electron content     DESCRIPTION         
(VTEC) is modeled in a solar-geomagnetic reference frame    DESCRIPTION         
using a spherical harmonics expansion up to degree and      DESCRIPTION         
order 15. Piece-wise linear functions are used for          DESCRIPTION         
representation in the time domain. The time spacing of      DESCRIPTION         
their vertices is 2 hours, conforming with the epochs of    DESCRIPTION         
the VTEC maps. Instrumental biases, so-called differential  DESCRIPTION         
P1-P2 code biases (DCB), for all GPS satellites and ground  DESCRIPTION         
stations are estimated as constant values for each day,     DESCRIPTION         
simultaneously with the 13 times 256, or 3328 parameters    DESCRIPTION         
used to represent the global VTEC distribution. The DCB     DESCRIPTION         
datum is defined by a zero-mean condition imposed on the    DESCRIPTION         
satellite bias estimates. P1-C1 bias corrections are taken  DESCRIPTION         
into account if needed. To convert line-of-sight TEC into   DESCRIPTION         
vertical TEC, a modified single-layer model mapping         DESCRIPTION         
function approximating the JPL extended slab model mapping  DESCRIPTION         
function is adopted. The mapping function is evaluated at   DESCRIPTION         
geodetic satellite elevation angles. For the computation of DESCRIPTION         
the ionospheric pierce points, a spherical layer with a     DESCRIPTION         
radius of 6821 km is assumed, implying geocentric, not      DESCRIPTION         
geodetic IONEX latitudes.                                   DESCRIPTION         
Contact address: stefan.schaer or code @aiub.unibe.ch       DESCRIPTION         
Web page:        www.aiub.unibe.ch/content/ionosphere/      DESCRIPTION         
Data archive:    ftp.unibe.ch/aiub/CODE/                    DESCRIPTION         
  2014    10    27     0     0     0                        EPOCH OF FIRST MAP  
  2014    10    28     0     0     0                        EPOCH OF LAST MAP   
  7200                                                      INTERVAL            
    13                                                      # OF MAPS IN FILE   
  NONE                                                      MAPPING FUNCTION    
    10.0                                                    ELEVATION CUTOFF    
One-way carrier phase leveled to code                       OBSERVABLES USED    
  6371.0                                                    BASE RADIUS         
     2                                                      MAP DIMENSION       
   450.0 450.0   0.0                                        HGT1 / HGT2 / DHGT  
    87.5 -87.5  -2.5                                        LAT1 / LAT2 / DLAT  
  -180.0 180.0   5.0                                        LON1 / LON2 / DLON  
    -1                                                      EXPONENT            
TEC/RMS values in 0.1 TECU; 9999, if no value available     COMMENT             
                                                            END OF HEADER       
[from data line 3003]
     8                                                      START OF TEC MAP    
  2014    10    27    14     0     0                        EPOCH OF CURRENT MAP
    87.5-180.0 180.0   5.0 450.0                            LAT/LON1/LON2/DLON/H
  205  207  210  213  215  218  220  223  225  227  229  231  232  234  235  235
  236  236  236  236  236  235  234  232  231  229  227  225  222  220  217  214
  211  208  205  202  199  196  193  190  188  185  183  181  179  177  176  175
  174  173  173  172  172  173  173  174  174  175  176  177  179  180  182  184
  186  188  190  192  195  197  200  202  205
    85.0-180.0 180.0   5.0 450.0                            LAT/LON1/LON2/DLON/H
  188  193  198  202  207  212  217  221  226  230  234  237  240  243  245  247
  248  249  250  249  249  248  246  244  242  239  235  232  227  223  218  212
  207  201  195  189  183  177  172  166  161  157  153  149  146  144  142  140
  139  139  139  139  139  140  141  143  144  146  147  149  151  153  155  158
  160  163  166  169  172  176  180  184  188
    82.5-180.0 180.0   5.0 450.0                            LAT/LON1/LON2/DLON/H
  162  167  173  179  185  192  198  204  210  215  221  225  230  233  236  239
  241  243  244  245  245  245  244  243  240  238  234  230  225  220  214  207
  200  192  184  176  168  159  151  144  137  131  126  121  118  115  113  112
  112  113  114  116  118  120  122  124  126  128  129  131  132  133  135  136
  137  139  141  143  146  149  153  157  162
    80.0-180.0 180.0   5.0 450.0                            LAT/LON1/LON2/DLON/H
  133  138  143  149  156  163  169  176  183  189  194  199  204  208  211  215
  217  220  222  225  227  228  230  230  230  230  228  225  222  217  211  204
  196  188  179  169  159  149  139  130  122  114  108  103  100   98   97   98
   99  101  104  108  111  115  118  120  123  124  125  126  126  125  124  123
  122  122  121  121  122  123  126  129  133
    77.5-180.0 180.0   5.0 450.0                            LAT/LON1/LON2/DLON/H
  109  112  117  122  127  134  140  146  152  157  162  166  170  173  177  180
  183  187  191  196  200  205  210  215  218  221  223  223  221  219  214  208
  201  192  182  172  161  150  139  129  119  111  104   99   96   95   95   97
  100  104  108  113  118  122  126  129  131  133  133  132  131  129  126  122
  119  115  112  109  107  106  106  107  109
    75.0-180.0 180.0   5.0 450.0                            LAT/LON1/LON2/DLON/H
   97   98  100  104  108  112  117  121  126  129  132  135  137  139  141  144
  148  153  159  166  175  184  193  203  211  218  224  227  229  228  225  220
  214  206  196  186  174  162  151  139  129  120  113  108  105  104  105  108
  112  116  121  127  132  136  140  143  144  145  145  144  142  139  135  130
  125  119  113  108  104  100   98   97   97
    72.5-180.0 180.0   5.0 450.0                            LAT/LON1/LON2/DLON/H
   98   97   97   99  101  103  106  108  110  112  113  113  113  113  114  116
  119  125  133  144  156  170  185  200  213  225  234  240  244  245  244  240
  234  227  218  207  195  183  171  159  149  139  132  126  123  122  122  124
  128  132  136  140  144  147  149  151  152  153  152  152  150  148  144  140
  135  129  123  117  111  106  102   99   98
    70.0-180.0 180.0   5.0 450.0                            LAT/LON1/LON2/DLON/H
  109  107  106  106  106  107  107  108  108  107  106  104  102  100   99   99
  102  108  118  132  148  167  187  207  225  241  253  261  266  268  268  264
  259  252  243  232  221  209  196  184  173  163  155  149  145  142  141  142
  143  144  146  147  147  148  147  147  147  147  148  148  149  149  148  146
  143  139  134  129  124  119  115  111  109
    67.5-180.0 180.0   5.0 450.0                            LAT/LON1/LON2/DLON/H
  124  122  121  119  119  118  118  117  116  114  111  107  103   99   96   95
   97  104  115  131  151  174  198  222  244  263  277  286  292  294  293  290
  284  277  269  258  247  235  222  210  198  188  179  172  167  162  159  156
  154  151  148  145  141  137  133  130  129  128  130  132  135  139  141  143
  143  142  140  137  134  131  128  126  124
    65.0-180.0 180.0   5.0 450.0                            LAT/LON1/LON2/DLON/H
  135  134  133  132  131  130  130  129  128  125  122  117  112  107  103  101
  102  108  120  137  159  185  213  241  265  285  301  310  316  318  317  314
  309  302  294  284  272  260  247  235  223  212  203  194  187  180  174  167
  160  152  144  136  128  119  112  106  102  101  102  106  112  118  125  130
  134  136  137  137  137  136  136  136  135
    62.5-180.0 180.0   5.0 450.0                            LAT/LON1/LON2/DLON/H
  137  138  138  137  137  137  137  138  137  135  132  128  123  118  114  111
  113  118  129  147  170  198  228  257  283  305  320  330  336  338  338  335
  332  326  318  308  296  284  271  258  246  235  225  215  207  197  188  177
  166  153  141  128  116  104   93   84   78   75   76   80   87   95  103  111
  116  121  124  126  129  131  134  136  137
    60.0-180.0 180.0   5.0 450.0                            LAT/LON1/LON2/DLON/H
  130  132  133  133  134  135  137  138  139  139  137  134  130  126  124  122
  124  130  140  157  180  208  238  268  295  317  333  344  350  354  356  356
  354  349  342  332  321  307  294  281  268  257  247  237  227  216  204  190
  175  159  143  128  113   99   86   75   67   63   62   65   71   78   85   92
   98  102  106  109  113  118  122  127  130
    57.5-180.0 180.0   5.0 450.0                            LAT/LON1/LON2/DLON/H
  116  118  120  121  122  124  127  131  133  134  133  132  130  129  129  131
  134  141  151  167  189  216  245  274  301  323  340  352  360  367  372  376
  376  374  367  358  346  332  318  305  292  280  270  260  249  238  224  208
  191  173  156  139  124  110   97   85   76   70   67   67   70   74   79   83
   86   88   90   93   96  101  107  112  116
    55.0-180.0 180.0   5.0 450.0                            LAT/LON1/LON2/DLON/H
  103  105  105  106  108  111  114  118  121  122  122  122  123  126  130  136
  143  152  163  178  198  223  250  278  304  325  342  356  367  378  387  394
  398  397  392  383  370  357  343  329  316  304  294  284  274  263  249  232
  214  195  178  162  149  136  124  114  104   97   92   89   88   88   89   88
   87   85   84   84   86   90   94   99  103
    52.5-180.0 180.0   5.0 450.0                            LAT/LON1/LON2/DLON/H
   97   97   97   96   97  100  104  107  109  109  109  110  113  120  129  140
  152  164  176  191  210  232  257  282  306  327  344  359  373  387  400  410
  416  417  413  404  393  380  367  354  341  329  318  309  300  290  276  259
  240  221  204  190  179  169  160  151  143  136  130  125  121  118  114  109
  103   97   92   89   88   89   92   95   97
    50.0-180.0 180.0   5.0 450.0                            LAT/LON1/LON2/DLON/H
  103  102   99   97   97   99  101  104  104  102  100  100  105  115  129  146
  163  178  193  208  225  245  267  290  311  331  347  363  378  394  409  421
  428  430  426  419  409  399  388  376  363  351  340  331  324  314  301  284
  264  244  227  214  205  198  191  185  179  173  169  164  160  154  147  139
  131  122  114  108  104  103  103  104  103
    47.5-180.0 180.0   5.0 450.0                            LAT/LON1/LON2/DLON/H
  121  117  113  110  109  110  111  111  108  104   99   98  103  115  134  155
  176  195  212  228  245  263  282  302  321  338  353  368  383  398  413  424
  431  432  430  425  420  413  406  396  383  371  359  350  343  334  321  302
  280  258  240  227  218  212  207  203  200  198  196  194  191  187  180  172
  163  153  144  136  130  127  125  123  121
    45.0-180.0 180.0   5.0 450.0                            LAT/LON1/LON2/DLON/H
  144  140  135  132  130  130  130  129  123  116  108  105  109  123  143  167
  191  213  232  249  266  283  300  318  334  349  361  374  386  399  411  420
  425  426  426  426  426  425  422  414  402  389  376  366  357  347  333  312
  286  261  240  225  215  208  204  200  200  201  204  207  208  207  204  198
  191  182  173  165  158  154  151  148  144
    42.5-180.0 180.0   5.0 450.0                            LAT/LON1/LON2/DLON/H
  165  161  157  155  154  154  154  152  145  135  125  120  123  137  157  182
  207  230  250  269  286  303  318  334  348  359  370  379  388  397  405  411
  415  418  422  428  435  440  441  435  423  408  393  380  369  357  339  315
  286  256  232  215  203  194  187  183  183  187  195  202  208  212  212  210
  206  200  192  185  179  175  172  168  165
    40.0-180.0 180.0   5.0 450.0                            LAT/LON1/LON2/DLON/H
  175  173  172  171  173  174  175  173  166  156  145  139  142  154  174  198
  222  244  265  285  303  319  334  347  359  369  377  383  390  395  400  404
  408  415  426  440  454  465  469  464  451  434  415  399  384  369  348  320
  287  255  229  209  195  183  173  165  163  167  177  187  197  204  208  209
  207  203  197  191  187  183  180  178  175
    37.5-180.0 180.0   5.0 450.0                            LAT/LON1/LON2/DLON/H
  170  170  172  175  179  183  186  185  181  171  161  156  159  172  191  213
  235  256  277  297  315  331  345  357  367  375  382  388  393  398  402  407
  415  429  449  472  493  507  512  506  491  471  449  428  410  390  366  335
  301  269  244  226  211  196  180  167  159  160  167  177  186  193  197  199
  198  193  188  183  179  176  174  172  170
    35.0-180.0 180.0   5.0 450.0                            LAT/LON1/LON2/DLON/H
  152  154  158  164  170  176  182  184  183  176  169  166  171  185  205  225
  246  266  286  306  324  340  352  363  372  380  387  394  401  409  417  428
  444  469  500  531  557  571  573  563  545  522  497  473  450  427  402  372
  340  312  291  277  264  248  227  206  190  182  182  186  189  192  193  191
  187  179  171  165  161  158  156  153  152
    32.5-180.0 180.0   5.0 450.0                            LAT/LON1/LON2/DLON/H
  127  129  135  142  150  157  164  170  172  170  166  166  175  193  214  236
  256  276  296  316  334  348  359  368  377  385  394  405  418  433  449  470
  499  537  579  617  644  653  648  633  611  586  560  533  508  484  460  434
  408  387  374  367  360  345  319  289  263  243  232  224  218  211  204  196
  185  172  159  150  143  139  134  129  127
    30.0-180.0 180.0   5.0 450.0                            LAT/LON1/LON2/DLON/H
  104  105  110  117  123  130  138  146  152  154  154  158  172  194  220  245
  268  289  310  330  347  360  369  376  384  393  406  423  445  470  499  534
  577  627  679  722  745  746  731  708  683  658  633  607  582  560  539  519
  501  489  486  489  489  476  448  410  372  340  314  293  273  255  238  221
  201  180  161  147  137  129  120  110  104
    27.5-180.0 180.0   5.0 450.0                            LAT/LON1/LON2/DLON/H
   94   90   92   97  100  104  111  121  129  134  137  144  163  191  224  255
  281  305  328  349  365  376  383  388  395  406  424  449  481  519  562  611
  667  728  787  829  845  835  809  779  754  731  709  686  665  646  632  619
  609  606  611  621  627  618  589  546  499  455  417  382  350  320  293  267
  239  210  185  165  151  137  122  106   94
    25.0-180.0 180.0   5.0 450.0                            LAT/LON1/LON2/DLON/H
  102   92   89   89   88   87   92  101  111  117  121  131  153  188  227  264
  297  325  350  372  388  396  401  405  412  425  448  481  525  575  630  690
  756  824  884  921  928  907  871  837  813  796  780  763  746  733  725  719
  715  714  722  736  747  741  713  668  615  564  518  474  433  395  361  328
  294  260  230  206  187  168  145  121  102
    22.5-180.0 180.0   5.0 450.0                            LAT/LON1/LON2/DLON/H
  128  111  103   97   89   83   84   92  102  108  112  123  147  186  231  275
  312  345  373  396  411  418  421  424  433  449  477  518  570  631  694  760
  829  898  954  984  981  950  908  874  854  845  838  827  816  809  807  804
  798  793  796  807  817  814  788  745  694  643  595  550  506  465  429  394
  358  322  290  264  241  216  186  154  128
    20.0-180.0 180.0   5.0 450.0                            LAT/LON1/LON2/DLON/H
  165  144  130  117  103   92   90   96  105  110  113  122  148  189  238  285
  326  361  391  415  430  437  440  445  456  476  509  556  615  680  746  812
  878  939  987 1008  997  962  920  889  877  876  877  873  868  865  864  859
  845  828  816  816  822  819  798  760  716  673  633  594  554  517  483  451
  417  384  353  327  302  273  236  198  165
    17.5-180.0 180.0   5.0 450.0                            LAT/LON1/LON2/DLON/H
  206  180  162  145  125  110  104  109  117  122  123  131  155  197  246  294
  336  372  403  426  441  449  455  464  479  505  542  594  655  720  783  841
  897  947  984  996  982  947  910  887  884  892  899  900  897  896  893  880
  851  813  780  764  760  757  741  714  682  654  628  601  572  542  514  487
  460  432  405  381  357  325  285  242  206
    15.0-180.0 180.0   5.0 450.0                            LAT/LON1/LON2/DLON/H
  239  213  192  171  148  129  122  126  134  138  138  145  169  209  257  302
  342  376  406  430  446  456  466  481  503  534  576  630  690  750  803  850
  891  927  953  960  945  918  891  879  884  898  908  910  907  903  895  869
  821  758  701  666  652  647  638  623  608  599  591  580  563  541  520  500
  479  457  436  416  393  361  320  276  239
    12.5-180.0 180.0   5.0 450.0                            LAT/LON1/LON2/DLON/H
  259  233  213  190  164  144  136  140  148  152  153  161  184  223  267  309
  344  376  404  428  445  460  476  497  527  564  611  664  720  771  813  845
  872  894  910  915  906  890  876  874  885  900  910  909  903  894  877  838
  770  684  604  552  530  525  524  521  523  532  543  546  539  524  507  491
  474  458  442  426  405  375  335  294  259
    10.0-180.0 180.0   5.0 450.0                            LAT/LON1/LON2/DLON/H
  263  240  221  198  172  151  143  147  155  160  163  173  199  237  278  315
  346  375  402  426  446  465  488  517  553  597  646  698  747  788  817  837
  851  863  874  880  880  876  876  882  895  907  911  905  893  877  851  800
  716  613  518  456  431  429  435  443  459  483  506  519  517  503  485  468
  453  439  426  413  395  367  330  293  263
     7.5-180.0 180.0   5.0 450.0                            LAT/LON1/LON2/DLON/H
  254  236  219  196  171  151  143  146  153  158  164  179  208  247  287  322
  351  378  405  431  455  479  507  543  585  632  682  730  772  803  822  832
  839  847  856  866  876  885  894  904  913  919  915  902  883  861  829  770
  679  569  470  406  384  387  400  416  440  472  501  516  510  490  466  443
  425  410  397  385  368  343  311  279  254
     5.0-180.0 180.0   5.0 450.0                            LAT/LON1/LON2/DLON/H
  240  226  211  190  166  147  139  140  144  148  157  177  212  254  296  330
  360  389  418  447  475  503  537  577  622  670  718  761  796  819  831  837
  843  851  863  879  896  913  927  935  938  934  921  901  877  852  816  757
  669  564  472  416  402  412  430  450  476  507  533  541  525  494  458  427
  401  382  367  354  338  314  286  260  240
     2.5-180.0 180.0   5.0 450.0                            LAT/LON1/LON2/DLON/H
  229  218  205  186  164  146  136  133  133  134  145  170  210  258  302  340
  374  407  442  475  507  540  577  618  662  707  750  788  815  832  842  850
  860  873  890  911  933  953  965  968  961  947  927  902  875  849  816  763
  687  597  521  480  477  494  514  533  555  579  594  589  559  513  466  424
  390  365  346  330  313  291  266  244  229
