gLAB/files/disturbance/27_10_2014/c1pg3000.14i
     1.0            IONOSPHERE MAPS     GNSS                IONEX VERSION / TYPE
IONINX V5.3         AIUB                27-OCT-14 07:49     PGM / RUN BY / DATE 
CODE'S 1-DAY PREDICTED IONOSPHERE MAPS FOR DAY 300, 2014    COMMENT             
Global ionosphere maps (GIM) are generated on a daily basis DESCRIPTION         
at CODE using data from about 150 GPS sites of the IGS and  DESCRIPTION         
other institutions. The vertical total electron content     DESCRIPTION         
(VTEC) is modeled in a solar-geomagnetic reference frame    DESCRIPTION         
using a spherical harmonics expansion up to degree and      DESCRIPTION         
order 15. Piece-wise linear functions are used for          DESCRIPTION         
representation in the time domain. The time spacing of      DESCRIPTION         
their vertices is 2 hours, conforming with the epochs of    DESCRIPTION         
the VTEC maps. Instrumental biases, so-called differential  DESCRIPTION         
P1-P2 code biases (DCB), for all GPS satellites and ground  DESCRIPTION         
stations are estimated as constant values for each day,     DESCRIPTION         
simultaneously with the 13 times 256, or 3328 parameters    DESCRIPTION         
used to represent the global VTEC distribution. The DCB     DESCRIPTION         
datum is defined by a zero-mean condition imposed on the    DESCRIPTION         
satellite bias estimates. P1-C1 bias corrections are taken  DESCRIPTION         
into account if needed. To convert line-of-sight TEC into   DESCRIPTION         
vertical TEC, a modified single-layer model mapping         DESCRIPTION         
function approximating the JPL extended slab model mapping  DESCRIPTION         
function is adopted. The mapping function is evaluated at   DESCRIPTION         
geodetic satellite elevation angles. For the computation of DESCRIPTION         
the ionospheric pierce points, a spherical layer with a     DESCRIPTION         
radius of 6821 km is assumed, implying geocentric, not      DESCRIPTION         
geodetic IONEX latitudes.                                   DESCRIPTION         
Contact address: stefan.schaer or code @aiub.unibe.ch       DESCRIPTION         
Web page:        www.aiub.unibe.ch/content/ionosphere/      DESCRIPTION         
Data archive:    ftp.unibe.ch/aiub/CODE/                    DESCRIPTION         
  2014    10    27     0     0     0                        EPOCH OF FIRST MAP  
  2014    10    28     0     0     0                        EPOCH OF LAST MAP   
  7200                                                      INTERVAL            
    13                                                      # OF MAPS IN FILE   
  NONE                                                      MAPPING FUNCTION    
    10.0                                                    ELEVATION CUTOFF    
One-way carrier phase leveled to code                       OBSERVABLES USED    
  6371.0                                                    BASE RADIUS         
     2                                                      MAP DIMENSION       
   450.0 450.0   0.0                                        HGT1 / HGT2 / DHGT  
    87.5 -87.5  -2.5                                        LAT1 / LAT2 / DLAT  
  -180.0 180.0   5.0                                        LON1 / LON2 / DLON  
    -1                                                      EXPONENT            
TEC/RMS values in 0.1 TECU; 9999, if no value available     COMMENT             
                                                            END OF HEADER       
[from data line 429]
     2                                                      START OF TEC MAP    
  2014    10    27     2     0     0                        EPOCH OF CURRENT MAP
    87.5-180.0 180.0   5.0 450.0                            LAT/LON1/LON2/DLON/H
  176  176  176  177  177  177  176  176  176  175  175  174  174  173  172  171
  170  169  168  167  165  164  162  161  159  158  156  155  154  152  151  150
  149  149  148  147  147  147  147  147  147  147  148  148  149  149  150  151
  152  153  154  155  156  157  159  160  161  162  164  165  166  167  168  170
  171  172  172  173  174  175  175  176  176
    85.0-180.0 180.0   5.0 450.0                            LAT/LON1/LON2/DLON/H
  186  186  186  186  186  185  185  185  184  184  183  183  182  181  180  178
  177  175  173  170  168  165  162  158  155  152  148  145  142  139  137  135
  133  132  131  131  131  131  131  132  133  134  135  136  137  139  140  142
  143  145  147  149  151  153  155  158  160  163  165  168  170  173  175  177
  179  181  182  184  185  185  186  186  186
    82.5-180.0 180.0   5.0 450.0                            LAT/LON1/LON2/DLON/H
  196  194  193  192  190  189  188  187  186  186  185  185  185  184  183  182
  181  179  176  173  169  165  160  155  150  144  139  134  129  125  121  119
  117  115  115  115  116  117  119  121  123  125  127  129  131  133  135  136
  138  140  142  144  147  150  153  157  161  165  169  173  177  181  185  188
  191  193  195  196  197  197  197  196  196
    80.0-180.0 180.0   5.0 450.0                            LAT/LON1/LON2/DLON/H
  206  203  200  196  193  190  187  185  183  182  181  181  181  181  181  181
  180  178  176  173  169  164  158  151  144  136  129  122  116  111  106  103
  102  101  102  104  106  109  113  116  120  123  126  128  130  132  133  134
  135  137  139  141  144  148  152  157  163  169  175  181  187  193  198  203
  207  210  212  213  213  213  211  209  206
    77.5-180.0 180.0   5.0 450.0                            LAT/LON1/LON2/DLON/H
  220  215  209  203  197  191  186  181  177  175  173  171  171  171  172  172
  173  172  171  169  165  160  154  146  138  129  121  113  106  100   96   93
   92   92   94   97  102  106  112  117  121  126  129  131  133  134  134  134
  134  135  136  139  142  147  153  160  167  175  184  192  200  208  215  221
  226  230  232  233  233  232  229  225  220
    75.0-180.0 180.0   5.0 450.0                            LAT/LON1/LON2/DLON/H
  239  231  223  214  205  197  188  181  174  168  164  160  158  157  157  158
  159  160  160  160  158  154  148  141  133  124  116  108  100   95   91   89
   88   90   93   97  102  107  114  119  125  130  133  135  136  136  135  133
  133  133  134  137  141  148  156  165  175  186  196  207  217  226  234  241
  247  252  255  256  256  254  251  245  239
    72.5-180.0 180.0   5.0 450.0                            LAT/LON1/LON2/DLON/H
  261  252  242  231  220  209  198  187  177  167  158  151  145  141  139  139
  140  143  145  147  147  145  142  136  129  121  113  106  100   95   92   91
   91   92   95   99  104  109  115  121  126  131  134  136  136  134  132  130
  129  129  131  135  142  151  162  174  187  200  213  224  235  245  254  262
  268  273  277  279  280  278  274  268  261
    70.0-180.0 180.0   5.0 450.0                            LAT/LON1/LON2/DLON/H
  284  275  265  253  241  228  215  201  187  173  159  147  136  128  123  120
  121  123  127  131  134  135  134  130  125  119  113  107  103   99   97   96
   96   97   98  101  104  108  113  118  123  127  130  131  131  129  126  124
  123  124  128  135  145  157  172  187  203  218  232  244  255  265  273  280
  287  293  297  300  302  301  297  292  284
    67.5-180.0 180.0   5.0 450.0                            LAT/LON1/LON2/DLON/H
  307  298  288  276  264  251  236  221  204  186  168  151  134  121  111  105
  104  106  111  117  122  125  126  124  120  116  111  107  105  103  102  102
  101  100  100  100  100  102  105  109  114  118  120  121  121  119  117  115
  115  119  125  136  150  166  185  204  222  238  253  265  275  284  291  298
  305  311  316  320  322  322  319  314  307
    65.0-180.0 180.0   5.0 450.0                            LAT/LON1/LON2/DLON/H
  327  319  309  298  286  273  259  243  225  204  183  161  140  122  107   98
   94   95  100  106  112  116  118  117  114  110  106  104  103  103  103  103
  102   99   96   94   92   91   93   96  100  104  107  109  108  107  105  105
  108  114  124  139  157  178  200  222  243  260  275  287  296  303  310  316
  322  328  334  338  341  341  339  334  327
    62.5-180.0 180.0   5.0 450.0                            LAT/LON1/LON2/DLON/H
  346  336  326  315  304  292  278  262  244  223  200  176  152  130  113  100
   94   93   96  101  107  110  111  109  105  101   97   96   96   97   98   98
   96   93   89   84   80   79   79   82   86   91   94   96   96   95   95   97
  102  111  125  144  167  191  217  242  264  283  298  309  317  324  330  336
  343  349  355  360  362  362  359  353  346
    60.0-180.0 180.0   5.0 450.0                            LAT/LON1/LON2/DLON/H
  363  353  341  330  318  306  293  277  259  239  216  192  168  145  126  112
  103  100  100  103  106  107  106  101   95   90   85   83   84   85   87   87
   86   83   78   73   69   67   68   71   76   81   85   87   87   87   88   92
   99  112  130  152  178  206  234  260  284  304  319  331  340  347  354  361
  368  376  382  386  387  385  380  373  363
    57.5-180.0 180.0   5.0 450.0                            LAT/LON1/LON2/DLON/H
  383  370  357  344  331  318  303  287  269  250  228  206  183  162  144  129
  119  114  112  111  111  108  103   95   87   79   73   70   70   71   73   74
   74   71   68   65   62   61   63   67   72   77   81   83   84   84   86   92
  102  118  139  164  192  221  250  278  303  323  340  353  363  372  381  391
  400  408  414  417  416  412  405  395  383
    55.0-180.0 180.0   5.0 450.0                            LAT/LON1/LON2/DLON/H
  407  392  377  362  346  330  314  296  276  256  236  216  197  179  163  150
  139  132  127  123  118  112  103   93   82   72   65   60   59   60   62   63
   64   64   63   62   62   63   66   70   76   81   85   86   87   87   90   97
  110  129  152  179  208  238  267  295  320  342  360  374  387  399  411  424
  435  444  450  451  449  442  433  421  407
    52.5-180.0 180.0   5.0 450.0                            LAT/LON1/LON2/DLON/H
  435  419  403  385  368  349  328  306  284  262  241  223  206  192  179  168
  158  149  141  134  126  118  107   95   83   72   63   58   55   55   56   58
   60   62   64   66   69   72   75   80   85   90   93   94   94   95   99  109
  124  144  169  197  226  256  285  312  338  360  379  395  410  425  441  456
  469  479  484  484  479  472  461  449  435
    50.0-180.0 180.0   5.0 450.0                            LAT/LON1/LON2/DLON/H
  463  449  433  416  397  375  351  324  296  270  247  228  213  201  191  181
  172  162  153  143  134  124  114  102   91   80   71   64   60   58   58   60
   62   66   71   76   81   85   88   92   97  101  104  105  106  108  113  125
  142  164  190  218  247  276  304  331  356  377  397  414  431  448  466  483
  497  507  510  508  503  495  486  475  463
    47.5-180.0 180.0   5.0 450.0                            LAT/LON1/LON2/DLON/H
  488  478  465  449  430  408  380  349  316  285  257  235  219  207  198  189
  179  169  159  149  140  131  123  114  105   95   86   78   72   69   67   68
   71   75   81   88   94   98  101  104  108  111  115  117  120  123  131  144
  163  186  213  242  270  298  326  351  375  395  413  430  447  465  483  501
  515  523  525  521  515  509  503  496  488
    45.0-180.0 180.0   5.0 450.0                            LAT/LON1/LON2/DLON/H
  506  501  492  480  463  442  414  380  343  306  274  247  227  213  201  191
  182  171  161  152  144  138  133  128  122  113  104   95   88   83   80   80
   81   86   92   98  104  108  110  113  116  120  125  130  135  141  150  165
  185  210  237  266  294  322  348  373  394  412  428  443  458  474  492  508
  520  526  526  521  515  512  510  509  506
    42.5-180.0 180.0   5.0 450.0                            LAT/LON1/LON2/DLON/H
  516  515  511  502  489  471  445  412  373  333  296  265  240  220  205  192
  181  171  162  154  149  146  145  143  139  131  121  111  103   97   93   91
   91   94   99  104  109  113  115  118  122  128  136  144  151  159  171  187
  208  232  260  288  317  345  371  393  412  427  440  451  463  477  492  505
  515  519  517  511  507  505  508  513  516
    40.0-180.0 180.0   5.0 450.0                            LAT/LON1/LON2/DLON/H
  519  521  519  512  502  488  466  437  401  361  322  287  257  232  212  196
  183  172  164  158  156  156  157  158  154  145  134  123  114  107  103  100
   98   99  101  106  110  114  117  121  128  137  148  158  168  178  190  207
  227  252  279  308  337  365  391  411  427  439  448  456  465  476  487  499
  507  509  506  500  497  498  504  512  519
    37.5-180.0 180.0   5.0 450.0                            LAT/LON1/LON2/DLON/H
  523  524  520  512  503  491  475  451  421  385  349  313  280  250  224  204
  189  178  171  167  166  168  170  170  166  156  142  130  121  115  110  107
  103  101  102  105  109  114  120  127  136  148  161  174  185  195  207  223
  243  266  292  321  352  381  405  424  437  446  452  458  466  475  485  495
  503  506  503  499  496  498  506  516  523
    35.0-180.0 180.0   5.0 450.0                            LAT/LON1/LON2/DLON/H
  535  532  522  510  497  485  472  454  431  403  372  340  307  274  244  220
  203  192  186  183  182  183  184  183  177  164  150  137  128  123  120  116
  110  106  104  106  111  118  127  137  149  163  177  189  199  209  220  234
  252  274  300  329  360  389  414  432  442  449  455  461  469  479  490  501
  511  517  518  516  514  517  524  532  535
    32.5-180.0 180.0   5.0 450.0                            LAT/LON1/LON2/DLON/H
  566  555  537  515  495  479  465  451  434  415  393  367  336  303  270  243
  225  214  208  205  203  203  202  199  191  177  163  151  144  141  138  132
  125  118  113  114  119  129  140  153  166  179  192  202  210  217  225  238
  255  276  301  330  362  392  417  434  444  451  458  468  480  493  508  523
  538  549  555  557  557  559  564  568  566
    30.0-180.0 180.0   5.0 450.0                            LAT/LON1/LON2/DLON/H
  621  602  572  540  509  485  466  451  437  425  411  393  367  336  302  273
  253  242  237  234  230  228  225  221  213  201  189  180  176  173  169  162
  152  141  134  132  137  148  160  173  184  194  203  209  213  216  222  233
  250  271  296  326  358  390  416  433  444  454  467  483  502  521  541  562
  583  602  615  621  623  625  628  628  621
    27.5-180.0 180.0   5.0 450.0                            LAT/LON1/LON2/DLON/H
  697  672  634  591  550  515  487  466  450  440  432  420  400  371  337  307
  286  276  271  268  263  259  255  253  248  242  235  230  228  225  218  206
  192  177  165  161  163  172  183  192  199  204  207  208  207  206  210  222
  239  262  288  318  352  385  413  433  447  463  483  508  536  563  590  617
  644  670  690  701  706  709  710  709  697
    25.0-180.0 180.0   5.0 450.0                            LAT/LON1/LON2/DLON/H
  788  761  720  670  620  574  536  504  481  467  460  452  435  407  374  343
  322  313  310  307  302  297  294  295  298  299  300  300  299  293  281  263
  242  221  205  195  193  198  203  207  207  205  201  197  192  189  192  204
  224  250  278  310  346  381  412  436  457  480  510  545  582  617  649  681
  714  745  771  786  794  798  800  799  788
    22.5-180.0 180.0   5.0 450.0                            LAT/LON1/LON2/DLON/H
  880  857  817  767  714  662  613  569  533  511  499  489  473  445  411  380
  360  353  352  350  345  341  341  348  358  369  379  383  381  370  349  323
  295  268  246  230  221  218  217  213  205  195  187  179  171  167  170  184
  208  238  270  304  341  379  415  446  475  507  547  591  637  678  715  749
  784  817  845  863  872  878  883  886  880
    20.0-180.0 180.0   5.0 450.0                            LAT/LON1/LON2/DLON/H
  957  943  911  868  819  766  710  655  606  571  549  533  513  484  448  417
  399  394  396  397  393  389  392  404  423  443  458  465  460  442  411  376
  341  308  280  257  241  230  220  208  193  178  166  157  149  145  149  166
  194  228  263  300  340  382  424  463  501  543  591  644  695  740  778  812
  845  877  903  921  931  938  947  956  957
    17.5-180.0 180.0   5.0 450.0                            LAT/LON1/LON2/DLON/H
 1008 1004  985  954  916  870  814  750  690  641  608  583  556  522  485  454
  438  438  443  446  443  439  443  458  481  506  524  531  521  494  454  411
  370  334  301  271  248  229  213  195  174  157  145  138  131  127  132  151
  184  222  261  301  343  390  438  485  532  582  637  695  750  796  834  865
  893  919  941  955  963  971  983  998 1008
    15.0-180.0 180.0   5.0 450.0                            LAT/LON1/LON2/DLON/H
 1025 1031 1025 1011  989  955  905  841  772  713  668  633  599  560  520  490
  478  482  492  497  492  485  486  500  522  546  563  566  550  515  469  421
  377  340  304  271  242  219  199  178  156  140  130  126  122  118  124  144
  179  221  263  305  350  400  454  509  564  620  679  738  794  840  875  901
  923  942  958  967  971  977  990 1009 1025
    12.5-180.0 180.0   5.0 450.0                            LAT/LON1/LON2/DLON/H
 1012 1024 1030 1031 1027 1009  970  911  841  777  724  681  639  595  554  526
  518  527  540  544  537  524  517  523  539  557  567  563  541  502  453  405
  363  327  293  259  229  204  184  164  145  131  126  126  123  120  124  144
  180  224  268  312  360  413  471  530  590  649  708  767  820  864  897  920
  937  950  958  962  962  964  975  993 1012
    10.0-180.0 180.0   5.0 450.0                            LAT/LON1/LON2/DLON/H
  978  991 1003 1017 1028 1027 1002  951  888  824  769  720  673  625  584  559
  556  568  583  585  571  549  532  526  530  536  537  526  500  461  414  371
  334  303  272  241  212  191  175  159  145  136  135  138  136  131  132  150
  186  231  277  322  370  425  484  545  605  664  721  775  825  868  900  922
  936  945  950  949  945  944  949  963  978
     7.5-180.0 180.0   5.0 450.0                            LAT/LON1/LON2/DLON/H
  939  949  962  981 1003 1013 1001  963  909  853  801  752  701  651  610  588
  588  603  617  615  593  560  529  509  499  493  484  467  441  405  365  330
  302  277  252  225  201  186  175  166  157  153  156  159  156  148  146  161
  195  240  287  333  381  434  492  550  608  662  713  762  808  849  882  906
  921  932  937  936  931  926  926  931  939
     5.0-180.0 180.0   5.0 450.0                            LAT/LON1/LON2/DLON/H
  911  913  922  941  965  982  979  953  912  868  823  776  725  674  633  612
  612  626  637  629  599  555  512  480  458  441  425  405  381  353  323  297
  277  260  240  219  201  192  187  184  180  179  182  184  178  167  161  174
  207  251  298  343  390  440  493  545  596  643  688  730  772  812  847  875
  897  913  923  928  925  919  913  911  911
     2.5-180.0 180.0   5.0 450.0                            LAT/LON1/LON2/DLON/H
  902  897  900  914  935  950  950  933  906  875  839  797  746  695  653  631
  629  639  644  629  592  540  489  449  420  398  379  361  342  322  301  284
  271  259  244  228  215  210  209  209  208  207  209  208  198  183  175  186
  218  261  307  352  397  442  487  531  572  611  648  684  721  760  798  833
  862  888  909  923  927  924  917  909  902
