gLAB/files/disturbance/27_10_2014/ckmg3000.14i
     1.0            IONOSPHERE MAPS     GNSS                IONEX VERSION / TYPE
BIMINX V5.3         AIUB                07-NOV-14 08:39     PGM / RUN BY / DATE 
CODE'S KLOBUCHAR-STYLE IONOSPHERE MODEL FOR DAY 300, 2014   COMMENT             
  2014    10    27     0     0     0                        EPOCH OF FIRST MAP  
  2014    10    28     0     0     0                        EPOCH OF LAST MAP   
  3600                                                      INTERVAL            
    25                                                      # OF MAPS IN FILE   
  NONE                                                      MAPPING FUNCTION    
     0.0                                                    ELEVATION CUTOFF    
                                                            OBSERVABLES USED    
  6371.0                                                    BASE RADIUS         
     2                                                      MAP DIMENSION       
   350.0 350.0   0.0                                        HGT1 / HGT2 / DHGT  
    87.5 -87.5  -2.5                                        LAT1 / LAT2 / DLAT  
  -180.0 180.0   5.0                                        LON1 / LON2 / DLON  
    -1                                                      EXPONENT            
TEC/RMS values in 0.1 TECU; 9999, if no value available     COMMENT             
                                                            END OF HEADER       
[from data line 1716]
     5                                                      START OF TEC MAP    
  2014    10    27     4     0     0                        EPOCH OF CURRENT MAP
    87.5-180.0 180.0   5.0 350.0                            LAT/LON1/LON2/DLON/H
   92   92   92   92   92   92   92   92   92   92   92   92   92   92   92   92
   92   92   92   92   92   92   92   92   92   92   92   92   92   92   92   92
   92   92   92   92   92   92   92   92   92   92   92   92   92   92   92   92
   92   92   92   92   95  101  109  118  127  136  144  149  151  150  145  136
  123  107   92   92   92   92   92   92   92
    85.0-180.0 180.0   5.0 350.0                            LAT/LON1/LON2/DLON/H
   92   92   92   92   92   92   92   92   92   92   92   92   92   92   92   92
   92   92   92   92   92   92   92   92   92   92   92   92   92   92   92   92
   92   92   92   92   92   92   92   92   92   92   92   92   92   92   92   92
   92   92   92   92   95  101  109  118  127  136  144  149  151  150  145  136
  123  107   92   92   92   92   92   92   92
    82.5-180.0 180.0   5.0 350.0                            LAT/LON1/LON2/DLON/H
   92   92   92   92   92   92   92   92   92   92   92   92   92   92   92   92
   92   92   92   92   92   92   92   92   92   92   92   92   92   92   92   92
   92   92   92   92   92   92   92   92   92   92   92   92   92   92   92   92
   92   92   92   92   95  101  109  118  127  136  144  149  151  150  145  136
  123  107   92   92   92   92   92   92   92
    80.0-180.0 180.0   5.0 350.0                            LAT/LON1/LON2/DLON/H
   92   92   92   92   92   92   92   92   92   92   92   92   92   92   92   92
   92   92   92   92   92   92   92   92   92   92   92   92   92   92   92   92
   92   92   92   92   92   92   92   92   92   92   92   92   92   92   92   92
   92   92   92   92   95  101  109  118  127  136  144  149  151  150  145  136
  123  107   92   92   92   92   92   92   92
    77.5-180.0 180.0   5.0 350.0                            LAT/LON1/LON2/DLON/H
   92   92   92   92   92   92   92   92   92   92   92   92   92   92   92   92
   92   92   92   92   92   92   92   92   92   92   92   92   92   92   92   92
   92   92   92   92   92   92   92   92   92   92   92   92   92   92   92   92
   92   92   92   92   95  101  109  118  127  136  144  149  151  150  145  136
  123  107   92   92   92   92   92   92   92
    75.0-180.0 180.0   5.0 350.0                            LAT/LON1/LON2/DLON/H
   92   92   92   92   92   92   92   92   92   92   92   92   92   92   92   92
   92   92   92   92   92   92   92   92   92   92   92   92   92   92   92   92
   92   92   92   92   92   92   92   92   92   92   92   92   92   92   92   92
   92   92   92   92   95  101  109  118  127  136  144  149  151  150  145  136
  123  107   92   92   92   92   92   92   92
    72.5-180.0 180.0   5.0 350.0                            LAT/LON1/LON2/DLON/H
   92   92   92   92   92   92   92   92   92   92   92   92   92   92   92   92
   92   92   92   92   92   92   92   92   92   92   92   92   92   92   92   92
   92   92   92   92   92   92   92   92   92   92   92   92   92   92   92   92
   92   92   92   94  104  117  132  148  163  178  191  202  209  212  211  205
  195  181  163  142  119   94   92   92   92
    70.0-180.0 180.0   5.0 350.0                            LAT/LON1/LON2/DLON/H
   92   92   92   92   92   92   92   92   92   92   92   92   92   92   92   92
   92   92   92   92   92   92   92   92   92   92   92   92   92   92   92   92
   92   92   92   92   92   92   92   92   92   92   92   92   92   92   92   92
   92   92   92   95  113  133  154  177  199  220  238  254  266  273  276  274
  267  255  238  218  195  169  143  116   92
    67.5-180.0 180.0   5.0 350.0                            LAT/LON1/LON2/DLON/H
  154  127  103   92   92   92   92   92   92   92   92   92   92   92   92   92
   92   92   92   92   92   92   92   92   92   92   92   92   92   92   92   92
   92   92   92   92   92   92   92   92   92   92   92   92   92   92   92   92
   92   92   92   97  121  147  175  204  232  258  282  302  318  330  336  337
  333  323  309  289  266  240  212  183  154
    65.0-180.0 180.0   5.0 350.0                            LAT/LON1/LON2/DLON/H
  215  184  155  130  108   92   92   92   92   92   92   92   92   92   92   92
   92   92   92   92   92   92   92   92   92   92   92   92   92   92   92   92
   92   92   92   92   92   92   92   92   92   92   92   92   92   92   92   92
   92   92   92   98  128  161  195  229  262  294  322  347  368  383  393  397
  395  387  374  355  333  306  277  246  215
    62.5-180.0 180.0   5.0 350.0                            LAT/LON1/LON2/DLON/H
  271  237  205  174  147  125  107   96   92   92   92   92   92   92   92   92
   92   92   92   92   92   92   92   92   92   92   92   92   92   92   92   92
   92   92   92   92   92   92   92   92   92   92   92   92   92   92   92   92
   92   92   92   99  135  173  213  252  290  327  360  389  413  432  445  451
  452  446  434  417  394  368  338  305  271
    60.0-180.0 180.0   5.0 350.0                            LAT/LON1/LON2/DLON/H
  324  287  251  216  184  155  131  113  100   93   92   92   92   92   92   92
   92   92   92   92   92   92   92   92   92   92   92   92   92   92   92   92
   92   92   92   92   92   92   92   92   92   92   92   92   92   92   92   92
   92   92   92  100  141  185  229  273  316  357  394  427  455  477  493  502
  505  501  490  474  452  425  394  360  324
    57.5-180.0 180.0   5.0 350.0                            LAT/LON1/LON2/DLON/H
  372  333  293  254  218  184  154  129  109   95   92   92   92   92   92   92
   92   92   92   92   92   92   92   92   92   92   92   92   92   92   92   92
   92   92   92   92   92   92   92   92   92   92   92   92   92   92   92   92
   92   92   92  101  147  195  244  293  340  385  425  462  493  518  536  548
  553  551  542  526  504  477  446  410  372
    55.0-180.0 180.0   5.0 350.0                            LAT/LON1/LON2/DLON/H
  417  376  333  290  249  210  175  144  117   96   92   92   92   92   92   92
   92   92   92   92   92   92   92   92   92   92   92   92   92   92   92   92
   92   92   92   92   92   92   92   92   92   92   92   92   92   92   92   92
   92   92   92  102  153  205  258  311  362  410  454  494  528  555  576  590
  597  597  589  574  553  526  493  457  417
    52.5-180.0 180.0   5.0 350.0                            LAT/LON1/LON2/DLON/H
  459  415  369  323  278  235  194  157  125   97   92   92   92   92   92   92
   92   92   92   92   92   92   92   92   92   92   92   92   92   92   92   92
   92   92   92   92   92   92   92   92   92   92   92   92   92   92   92   92
   92   92   92  103  158  214  271  327  381  433  480  522  559  589  613  629
  637  638  632  618  597  570  537  500  459
    50.0-180.0 180.0   5.0 350.0                            LAT/LON1/LON2/DLON/H
  497  451  403  354  305  258  212  170  132   99   92   92   92   92   92   92
   92   92   92   92   92   92   92   92   92   92   92   92   92   92   92   92
   92   92   92   92   92   92   92   92   92   92   92   92   92   92   92   92
   92   92   92  104  162  222  282  341  399  453  503  548  587  620  645  663
  673  676  670  657  637  610  577  539  497
    47.5-180.0 180.0   5.0 350.0                            LAT/LON1/LON2/DLON/H
  531  484  434  382  330  278  229  182  139  100   92   92   92   92   92   92
   92   92   92   92   92   92   92   92   92   92   92   92   92   92   92   92
   92   92   92   92   92   92   92   92   92   92   92   92   92   92   92   92
   92   92   92  105  166  229  292  354  414  471  524  571  612  647  674  694
  706  709  705  693  673  646  613  575  531
    45.0-180.0 180.0   5.0 350.0                            LAT/LON1/LON2/DLON/H
  562  513  461  407  352  298  244  193  145  101   92   92   92   92   92   92
   92   92   92   92   92   92   92   92   92   92   92   92   92   92   92   92
   92   92   92   92   92   92   92   92   92   92   92   92   92   92   92   92
   92   92   92  105  169  256  342  416  480  535  583  623  657  685  707  724
  734  739  736  725  706  679  646  607  562
    42.5-180.0 180.0   5.0 350.0                            LAT/LON1/LON2/DLON/H
  590  540  487  430  373  315  258  203  150  102   92   92   92   92   92   92
   92   92   92   92   92   92   92   92   92   92   92   92   92   92   92   92
   92   92   92   92   92   92   92   92   92   92   92   92   92   92   92   92
   92   92  125  224  311  388  455  514  564  608  646  677  704  726  743  756
  764  766  763  753  734  708  675  635  590
    40.0-180.0 180.0   5.0 350.0                            LAT/LON1/LON2/DLON/H
  615  564  509  451  391  331  270  212  155  103   92   92   92   92   92   92
   92   92   92   92   92   92   92   92   92   92   92   92   92   92   92   92
   92   92   92   92   92   92   92   92   92   92   92   92   92   92   92   92
   92  176  267  347  419  481  536  583  625  660  691  718  740  758  772  782
  788  790  787  778  764  741  708  661  615
    37.5-180.0 180.0   5.0 350.0                            LAT/LON1/LON2/DLON/H
  662  601  529  470  408  345  282  220  160  104   92   92   92   92   92   92
   92   92   92   92   92   92   92   92   92   92   92   92   92   92   92   92
   92   92   92   92   92   92   92   92   92   92   92   92   92   92   92  119
  212  296  371  438  497  549  594  634  669  700  726  748  767  782  794  803
  808  809  807  800  788  770  744  709  662
    35.0-180.0 180.0   5.0 350.0                            LAT/LON1/LON2/DLON/H
  708  662  602  527  432  357  292  227  164  104   92   92   92   92   92   92
   92   92   92   92   92   92   92   92   92   92   92   92   92   92   92   92
   92   92   92   92   92   92   92   92   92   92   92   92   92   92  149  236
  315  386  450  506  556  600  639  673  703  729  752  772  788  802  812  820
  824  826  824  818  808  793  772  744  708
    32.5-180.0 180.0   5.0 350.0                            LAT/LON1/LON2/DLON/H
  743  706  660  602  531  445  339  234  168  105   92   92   92   92   92   92
   92   92   92   92   92   92   92   92   92   92   92   92   92   92   92   92
   92   92   92   92   92   92   92   92   92   92   92   92   92  170  252  327
  395  455  509  558  601  639  673  703  729  752  772  790  804  817  826  833
  837  839  837  833  824  812  795  772  743
    30.0-180.0 180.0   5.0 350.0                            LAT/LON1/LON2/DLON/H
  769  739  702  656  601  534  454  360  251  128   92   92   92   92   92   92
   92   92   92   92   92   92   92   92   92   92   92   92   92   92   92   92
   92   92   92   92   92   92   92   92   92   92   92  101  185  262  333  398
  456  508  555  597  635  668  698  725  748  769  787  803  816  828  836  843
  847  849  848  844  837  827  812  794  769
    27.5-180.0 180.0   5.0 350.0                            LAT/LON1/LON2/DLON/H
  790  765  734  696  651  598  534  461  375  279  172   92   92   92   92   92
   92   92   92   92   92   92   92   92   92   92   92   92   92   92   92   92
   92   92   92   92   92   92   92   92   92   92  115  194  267  335  397  453
  504  550  591  628  661  691  718  741  763  781  798  812  825  835  843  850
  854  856  856  853  847  838  826  810  790
    25.0-180.0 180.0   5.0 350.0                            LAT/LON1/LON2/DLON/H
  806  784  758  727  689  645  594  534  465  387  301  207  108   92   92   92
   92   92   92   92   92   92   92   92   92   92   92   92   92   92   92   92
   92   92   92   92   92   92   92   92   92  125  199  269  333  393  447  496
  541  582  618  651  681  707  731  753  772  789  805  818  830  839  847  853
  858  860  860  858  854  847  837  823  806
    22.5-180.0 180.0   5.0 350.0                            LAT/LON1/LON2/DLON/H
  817  799  777  750  719  681  638  588  532  468  397  319  235  148   92   92
   92   92   92   92   92   92   92   92   92   92   92   92   92   92   92   92
   92   92   92   92   92   92   92   92  131  201  267  329  386  438  486  530
  570  606  638  668  695  719  741  760  778  794  808  820  831  841  848  854
  859  861  862  861  858  852  843  832  817
    20.0-180.0 180.0   5.0 350.0                            LAT/LON1/LON2/DLON/H
  825  810  791  768  741  709  672  630  582  529  469  404  333  259  182  105
   92   92   92   92   92   92   92   92   92   92   92   92   92   92   92   92
   92   92   92   92   92   92   92  133  200  263  322  377  427  474  517  556
  591  624  653  680  704  726  746  764  780  795  808  820  830  839  847  853
  857  860  862  861  859  854  847  838  825
    17.5-180.0 180.0   5.0 350.0                            LAT/LON1/LON2/DLON/H
  830  817  800  780  757  730  698  662  621  575  524  469  409  345  278  210
  142   92   92   92   92   92   92   92   92   92   92   92   92   92   92   92
   92   92   92   92   92   92  134  196  256  313  366  415  460  502  540  575
  607  636  663  687  709  729  748  764  780  793  806  817  827  835  843  849
  854  857  859  859  857  854  848  840  830
    15.0-180.0 180.0   5.0 350.0                            LAT/LON1/LON2/DLON/H
  831  820  806  789  769  745  717  686  650  611  567  519  467  412  354  294
  233  173  114   92   92   92   92   92   92   92   92   92   92   92   92   92
   92   92   92   92   92  132  191  248  302  353  400  444  485  523  557  589
  618  644  668  691  711  729  746  762  776  789  801  811  821  829  836  842
  847  851  853  854  854  851  847  840  831
    12.5-180.0 180.0   5.0 350.0                            LAT/LON1/LON2/DLON/H
  830  820  808  794  776  755  731  704  673  638  600  558  512  464  413  360
  306  252  198  146   96   92   92   92   92   92   92   92   92   92   92   92
   92   92   92   92  129  185  238  290  339  384  427  467  504  538  569  598
  624  648  670  691  709  726  742  756  770  782  793  803  812  820  828  834
  839  843  846  847  847  846  843  837  830
    10.0-180.0 180.0   5.0 350.0                            LAT/LON1/LON2/DLON/H
  826  818  808  795  780  762  741  716  689  659  625  588  548  505  460  413
  364  315  266  218  171  127   92   92   92   92   92   92   92   92   92   92
   92   92   92  124  176  227  276  323  367  409  448  484  517  548  576  603
  627  649  669  688  705  721  735  749  761  773  783  793  802  810  817  823
  829  833  836  838  839  838  836  832  826
     7.5-180.0 180.0   5.0 350.0                            LAT/LON1/LON2/DLON/H
  820  813  805  794  780  764  746  725  700  673  643  610  575  537  496  454
  410  366  321  276  233  191  151  113   92   92   92   92   92   92   92   92
   92   92  118  167  215  262  307  349  390  427  463  495  526  554  580  604
  626  646  665  682  698  712  726  739  750  761  771  781  789  797  805  811
  817  821  825  827  829  829  828  825  820
     5.0-180.0 180.0   5.0 350.0                            LAT/LON1/LON2/DLON/H
  811  806  799  789  778  764  748  729  707  683  656  627  595  561  524  486
  447  406  365  324  283  244  205  169  134  102   92   92   92   92   92   92
   92  111  157  202  247  289  330  369  406  441  473  503  530  556  580  602
  622  640  658  673  688  702  715  727  738  748  758  767  775  783  790  797
  803  807  812  815  817  817  817  815  811
     2.5-180.0 180.0   5.0 350.0                            LAT/LON1/LON2/DLON/H
  801  796  790  783  773  761  746  730  711  689  665  639  610  579  546  511
  475  438  400  362  324  286  250  215  181  149  119   92   92   92   92   92
  102  145  188  230  271  311  348  384  418  449  479  506  531  555  577  597
  615  632  648  663  677  689  701  713  723  733  742  751  759  767  774  781
  787  792  797  800  803  804  804  803  801
