gLAB/files/disturbance/27_10_2014/ckmg3000.14i
     1.0            IONOSPHERE MAPS     GNSS                IONEX VERSION / TYPE
BIMINX V5.3         AIUB                07-NOV-14 08:39     PGM / RUN BY / DATE 
CODE'S KLOBUCHAR-STYLE IONOSPHERE MODEL FOR DAY 300, 2014   COMMENT             
  2014    10    27     0     0     0                        EPOCH OF FIRST MAP  
  2014    10    28     0     0     0                        EPOCH OF LAST MAP   
  3600                                                      INTERVAL            
    25                                                      # OF MAPS IN FILE   
  NONE                                                      MAPPING FUNCTION    
     0.0                                                    ELEVATION CUTOFF    
                                                            OBSERVABLES USED    
  6371.0                                                    BASE RADIUS         
     2                                                      MAP DIMENSION       
   350.0 350.0   0.0                                        HGT1 / HGT2 / DHGT  
    87.5 -87.5  -2.5                                        LAT1 / LAT2 / DLAT  
  -180.0 180.0   5.0                                        LON1 / LON2 / DLON  
    -1                                                      EXPONENT            
TEC/RMS values in 0.1 TECU; 9999, if no value available     COMMENT             
                                                            END OF HEADER       
[from data line 4719]
    12                                                      START OF TEC MAP    
  2014    10    27    11     0     0                        EPOCH OF CURRENT MAP
    87.5-180.0 180.0   5.0 350.0                            LAT/LON1/LON2/DLON/H
   92   92   92   92   92   92   92   92   92   92   92   92   92   92   92   92
   92   92   92   92   92   92   92   92   92   92   92   92   92   92   92   92
   92   92   92   92   92   92   92   92   92   92   92   92   92   92   92   92
   92   92   92   98  111  119  123  124  121  116  109  101   94   92   92   92
   92   92   92   92   92   92   92   92   92
    85.0-180.0 180.0   5.0 350.0                            LAT/LON1/LON2/DLON/H
   92   92   92   92   92   92   92   92   92   92   92   92   92   92   92   92
   92   92   92   92   92   92   92   92   92   92   92   92   92   92   92   92
   92   92   92   92   92   92   92   92   92   92   92   92   92   92   92   92
   92   92   92   98  111  119  123  124  121  116  109  101   94   92   92   92
   92   92   92   92   92   92   92   92   92
    82.5-180.0 180.0   5.0 350.0                            LAT/LON1/LON2/DLON/H
   92   92   92   92   92   92   92   92   92   92   92   92   92   92   92   92
   92   92   92   92   92   92   92   92   92   92   92   92   92   92   92   92
   92   92   92   92   92   92   92   92   92   92   92   92   92   92   92   92
   92   92   92   98  111  119  123  124  121  116  109  101   94   92   92   92
   92   92   92   92   92   92   92   92   92
    80.0-180.0 180.0   5.0 350.0                            LAT/LON1/LON2/DLON/H
   92   92   92   92   92   92   92   92   92   92   92   92   92   92   92   92
   92   92   92   92   92   92   92   92   92   92   92   92   92   92   92   92
   92   92   92   92   92   92   92   92   92   92   92   92   92   92   92   92
   92   92   92   98  111  119  123  124  121  116  109  101   94   92   92   92
   92   92   92   92   92   92   92   92   92
    77.5-180.0 180.0   5.0 350.0                            LAT/LON1/LON2/DLON/H
   92   92   92   92   92   92   92   92   92   92   92   92   92   92   92   92
   92   92   92   92   92   92   92   92   92   92   92   92   92   92   92   92
   92   92   92   92   92   92   92   92   92   92   92   92   92   92   92   92
   92   92   92   98  111  119  123  124  121  116  109  101   94   92   92   92
   92   92   92   92   92   92   92   92   92
    75.0-180.0 180.0   5.0 350.0                            LAT/LON1/LON2/DLON/H
   92   92   92   92   92   92   92   92   92   92   92   92   92   92   92   92
   92   92   92   92   92   92   92   92   92   92   92   92   92   92   92   92
   92   92   92   92   92   92   92   92   92   92   92   92   92   92   92   92
   92   92   92   98  111  119  123  124  121  116  109  101   94   92   92   92
   92   92   92   92   92   92   92   92   92
    72.5-180.0 180.0   5.0 350.0                            LAT/LON1/LON2/DLON/H
   92   92   92   92   92   92   92   92   92   92   92   92   92   92   92   92
   92   92   92   92   92   92   92   92   92   92   92   92   92   92   92   92
   92   92   92   92   92   92   92   92   92   92   92   92   92   92   92   92
  108  130  147  159  166  168  166  160  150  138  124  110   95   92   92   92
   92   92   92   92   92   92   92   92   92
    70.0-180.0 180.0   5.0 350.0                            LAT/LON1/LON2/DLON/H
   92   92   92   92   92   92   92   92   92   92   92   92   92   92   92   92
   92   92   92   92   92   92   92   92   92   92   92   92   92   92   92   92
   92   92   92   92   92   92   92   92   92   92   92   92   92  107  135  161
  183  200  212  219  220  217  208  196  179  160  139  118   97   92   92   92
   92   92   92   92   92   92   92   92   92
    67.5-180.0 180.0   5.0 350.0                            LAT/LON1/LON2/DLON/H
   92   92   92   92   92   92   92   92   92   92   92   92   92   92   92   92
   92   92   92   92   92   92   92   92   92   92   92   92   92   92   92   92
   92   92   92   92   92   92   92   92   92   92   94  125  156  185  212  234
  253  266  273  275  271  262  247  229  206  181  154  126   98   92   92   92
   92   92   92   92   92   92   92   92   92
    65.0-180.0 180.0   5.0 350.0                            LAT/LON1/LON2/DLON/H
   92   92   92   92   92   92   92   92   92   92   92   92   92   92   92   92
   92   92   92   92   92   92   92   92   92   92   92   92   92   92   92   92
   92   92   92   92   92   92   92   92  108  138  170  201  231  259  283  303
  318  327  330  327  318  304  284  259  231  200  167  133   99   92   92   92
   92   92   92   92   92   92   92   92   92
    62.5-180.0 180.0   5.0 350.0                            LAT/LON1/LON2/DLON/H
   92   92   92   92   92   92   92   92   92   92   92   92   92   92   92   92
   92   92   92   92   92   92   92   92   92   92   92   92   92   92   92   92
   92   92   92   92   92   94  118  145  176  208  240  272  301  328  350  367
  378  384  383  376  362  342  317  288  254  217  179  139  100   92   92   92
   92   92   92   92   92   92   92   92   92
    60.0-180.0 180.0   5.0 350.0                            LAT/LON1/LON2/DLON/H
   92   92   92   92   92   92   92   92   92   92   92   92   92   92   92   92
   92   92   92   92   92   92   92   92   92   92   92   92   92   92   92   92
   92   92   92  104  123  147  175  206  239  273  306  338  367  392  412  426
  435  437  432  420  402  378  349  314  275  234  190  145  101   92   92   92
   92   92   92   92   92   92   92   92   92
    57.5-180.0 180.0   5.0 350.0                            LAT/LON1/LON2/DLON/H
   92   92   92   92   92   92   92   92   92   92   92   92   92   92   92   92
   92   92   92   92   92   92   92   92   92   92   92   92   92   92   92   92
   97  107  123  143  168  197  229  263  299  334  368  399  427  451  469  481
  486  485  477  461  439  411  377  338  295  248  200  151  102   92   92   92
   92   92   92   92   92   92   92   92   92
    55.0-180.0 180.0   5.0 350.0                            LAT/LON1/LON2/DLON/H
   92   92   92   92   92   92   92   92   92   92   92   92   92   92   92   92
   92   92   92   92   92   92   92   92   92   92   92   92   92   92   93  102
  114  131  153  180  210  243  279  316  354  390  425  456  483  505  522  531
  534  530  518  499  473  441  403  360  312  262  209  156  103   92   92   92
   92   92   92   92   92   92   92   92   92
    52.5-180.0 180.0   5.0 350.0                            LAT/LON1/LON2/DLON/H
   92   92   92   92   92   92   92   92   92   92   92   92   92   92   92   92
   92   92   92   92   92   92   92   92   92   92   92   92   92   92   95  110
  130  154  182  214  249  287  326  366  405  443  477  508  535  556  570  577
  578  570  555  533  504  468  426  379  328  274  218  160  104   92   92   92
   92   92   92   92   92   92   92   92   92
    50.0-180.0 180.0   5.0 350.0                            LAT/LON1/LON2/DLON/H
   92   92   92   92   92   92   92   92   92   92   92   92   92   92   92   92
   92   92   92   92   92   92   92   92   92   92   92   92   92   92   96  119
  145  175  209  246  285  327  369  411  452  491  526  557  582  601  614  619
  617  607  589  564  532  493  447  397  343  285  225  165  105   92   92   92
   92   92   92   92   92   92   92   92   92
    47.5-180.0 180.0   5.0 350.0                            LAT/LON1/LON2/DLON/H
   92   92   92   92   92   92   92   92   92   92   92   92   92   92   92   92
   92   92   92   92   92   92   92   92   92   92   92   92   92   92   98  126
  158  194  233  275  319  364  409  453  495  535  570  600  625  643  654  657
  653  640  620  592  556  514  466  413  355  295  232  168  105   92   92   92
   92   92   92   92   92   92   92   92   92
    45.0-180.0 180.0   5.0 350.0                            LAT/LON1/LON2/DLON/H
   92   92   92   92   92   92   92   92   92   92   92   92   92   92   92   92
   92   92   92   92   92   92   92   92   92   92   92   92   92   92   99  133
  171  212  256  302  350  398  445  491  535  575  610  640  664  681  690  691
  685  670  647  616  578  544  509  470  427  378  324  264  198  125   92   92
   92   92   92   92   92   92   92   92   92
    42.5-180.0 180.0   5.0 350.0                            LAT/LON1/LON2/DLON/H
   92   92   92   92   92   92   92   92   92   92   92   92   92   92   92   92
   92   92   92   92   92   92   92   92   92   92   92   92   92   92  100  140
  183  229  277  327  378  429  479  526  571  611  647  676  699  714  722  722
  713  700  685  666  644  619  590  558  521  481  435  385  329  266  198  123
   92   92   92   92   92   92   92   92   92
    40.0-180.0 180.0   5.0 350.0                            LAT/LON1/LON2/DLON/H
   92   92   92   92   92   92   92   92   92   92   92   92   92   92   92   92
   92   92   92   92   92   92   92   92   92   92   92   92   92   92  101  146
  194  244  296  350  404  457  509  558  603  644  679  708  730  744  751  751
  746  738  726  711  693  672  647  620  589  554  515  472  424  371  312  247
  176   99   92   92   92   92   92   92   92
    37.5-180.0 180.0   5.0 350.0                            LAT/LON1/LON2/DLON/H
   92   92   92   92   92   92   92   92   92   92   92   92   92   92   92   92
   92   92   92   92   92   92   92   92   92   92   92   92   92   92  102  151
  203  258  314  371  427  483  536  586  632  673  708  737  758  770  776  777
  774  767  758  745  729  711  690  666  639  608  574  537  495  449  399  343
  281  213  140   92   92   92   92   92   92
    35.0-180.0 180.0   5.0 350.0                            LAT/LON1/LON2/DLON/H
   92   92   92   92   92   92   92   92   92   92   92   92   92   92   92   92
   92   92   92   92   92   92   92   92   92   92   92   92   92   92  103  156
  212  271  330  389  448  506  560  611  658  705  741  766  783  793  798  799
  797  791  782  771  757  741  722  700  676  649  619  586  550  509  465  416
  362  303  238  168   93   92   92   92   92
    32.5-180.0 180.0   5.0 350.0                            LAT/LON1/LON2/DLON/H
   92   92   92   92   92   92   92   92   92   92   92   92   92   92   92   92
   92   92   92   92   92   92   92   92   92   92   92   92   92   92  104  161
  220  282  344  406  467  526  589  654  704  742  770  790  803  812  817  817
  815  810  802  791  779  764  746  727  705  681  654  624  591  555  516  473
  425  373  316  254  187  115   92   92   92
    30.0-180.0 180.0   5.0 350.0                            LAT/LON1/LON2/DLON/H
   92   92   92   92   92   92   92   92   92   92   92   92   92   92   92   92
   92   92   92   92   92   92   92   92   92   92   92   92   92   92  104  165
  228  292  357  421  514  591  653  703  741  771  793  809  821  828  832  832
  829  824  817  807  795  781  765  747  727  704  680  653  623  591  555  517
  474  428  378  323  263  199  130   92   92
    27.5-180.0 180.0   5.0 350.0                            LAT/LON1/LON2/DLON/H
   92   92   92   92   92   92   92   92   92   92   92   92   92   92   92   92
   92   92   92   92   92   92   92   92   92   92   92   92   92   92  105  168
  234  340  438  522  593  652  700  738  769  793  812  826  835  841  843  843
  840  835  828  818  807  793  778  761  743  722  699  675  647  618  586  551
  513  472  426  377  324  267  205  139   92
    25.0-180.0 180.0   5.0 350.0                            LAT/LON1/LON2/DLON/H
  143   92   92   92   92   92   92   92   92   92   92   92   92   92   92   92
   92   92   92   92   92   92   92   92   92   92   92   92   92   92  176  276
  369  454  529  594  649  696  734  766  791  812  827  838  846  850  852  851
  848  842  835  826  815  802  788  772  754  734  713  690  665  638  609  577
  543  505  465  421  373  322  266  206  143
    22.5-180.0 180.0   5.0 350.0                            LAT/LON1/LON2/DLON/H
  204  144   92   92   92   92   92   92   92   92   92   92   92   92   92   92
   92   92   92   92   92   92   92   92   92   92   92   92  143  229  313  393
  468  535  594  646  691  729  761  787  809  826  838  848  854  857  858  856
  853  847  839  830  819  807  793  778  761  743  723  701  678  653  626  597
  565  531  495  455  412  365  315  262  204
    20.0-180.0 180.0   5.0 350.0                            LAT/LON1/LON2/DLON/H
  255  199  141   92   92   92   92   92   92   92   92   92   92   92   92   92
   92   92   92   92   92   92   92   92   92   92  128  199  271  343  413  478
  539  594  643  686  723  755  782  804  822  836  847  854  859  861  861  859
  854  848  841  831  821  809  795  780  764  747  728  708  686  663  638  611
  582  551  517  481  442  400  355  306  255
    17.5-180.0 180.0   5.0 350.0                            LAT/LON1/LON2/DLON/H
  295  245  192  136   92   92   92   92   92   92   92   92   92   92   92   92
   92   92   92   92   92   92   92   92  125  182  243  305  368  429  487  542
  592  638  679  716  747  774  797  816  831  843  852  858  861  862  861  858
  854  847  839  830  819  807  794  780  764  748  730  711  690  668  645  620
  593  565  534  501  465  427  386  342  295
    15.0-180.0 180.0   5.0 350.0                            LAT/LON1/LON2/DLON/H
  327  282  233  183  129   92   92   92   92   92   92   92   92   92   92   92
   92   92   92   92   92   92  130  176  226  279  333  387  441  493  543  590
  633  672  707  738  766  789  808  824  837  847  854  859  861  861  859  856
  850  844  835  826  815  803  790  776  761  745  728  710  691  670  649  625
  600  574  546  515  483  448  410  370  327
    12.5-180.0 180.0   5.0 350.0                            LAT/LON1/LON2/DLON/H
  353  311  267  220  171  121   92   92   92   92   92   92   92   92   92   92
   92   92   92  104  138  176  217  261  307  354  402  450  497  543  586  627
  664  698  729  755  779  799  816  829  840  848  854  857  858  857  855  851
  845  837  829  819  809  797  784  770  756  740  724  707  688  669  648  627
  604  579  553  525  495  463  428  392  353
    10.0-180.0 180.0   5.0 350.0                            LAT/LON1/LON2/DLON/H
  372  334  293  251  206  159  110   92   92   92   92   92   92   92   92   92
   92  117  146  178  212  248  287  328  370  413  457  499  541  581  619  655
  688  717  744  768  788  805  820  831  840  847  851  853  853  852  848  843
  837  829  820  811  800  788  775  762  748  733  717  700  683  665  645  625
  603  580  556  530  502  473  441  408  372
     7.5-180.0 180.0   5.0 350.0                            LAT/LON1/LON2/DLON/H
  386  351  314  274  233  190  145   99   92   92   92   92   92   92  102  125
  151  178  207  238  271  307  343  382  421  460  499  538  575  611  645  676
  705  731  755  775  793  808  821  830  838  843  846  847  846  843  839  834
  827  819  810  800  789  777  765  751  738  723  708  692  675  658  639  620
  600  578  556  531  506  479  450  419  386
     5.0-180.0 180.0   5.0 350.0                            LAT/LON1/LON2/DLON/H
  395  363  329  293  255  215  173  131   92   92   92   92  103  126  149  173
  200  227  257  287  320  354  388  424  460  496  532  567  601  633  663  691
  717  741  761  780  795  808  819  827  833  837  838  838  837  833  829  822
  815  807  797  787  776  764  752  739  725  711  696  681  665  648  631  613
  594  573  552  530  506  481  454  425  395
     2.5-180.0 180.0   5.0 350.0                            LAT/LON1/LON2/DLON/H
  400  371  339  306  271  234  196  156  115   92   95  117  140  163  187  213
  240  267  297  327  358  391  424  457  491  524  557  589  620  649  677  702
  725  746  764  780  794  805  814  821  825  828  829  828  825  821  816  809
  801  793  783  773  762  750  737  725  711  697  683  668  653  637  620  603
  585  566  546  525  503  480  455  428  400
