gLAB/files/disturbance/27_10_2014/ckmg3000.14i
     1.0            IONOSPHERE MAPS     GNSS                IONEX VERSION / TYPE
BIMINX V5.3         AIUB                07-NOV-14 08:39     PGM / RUN BY / DATE 
CODE'S KLOBUCHAR-STYLE IONOSPHERE MODEL FOR DAY 300, 2014   COMMENT             
  2014    10    27     0     0     0                        EPOCH OF FIRST MAP  
  2014    10    28     0     0     0                        EPOCH OF LAST MAP   
  3600                                                      INTERVAL            
    25                                                      # OF MAPS IN FILE   
  NONE                                                      MAPPING FUNCTION    
     0.0                                                    ELEVATION CUTOFF    
                                                            OBSERVABLES USED    
  6371.0                                                    BASE RADIUS         
     2                                                      MAP DIMENSION       
   350.0 350.0   0.0                                        HGT1 / HGT2 / DHGT  
    87.5 -87.5  -2.5                                        LAT1 / LAT2 / DLAT  
  -180.0 180.0   5.0                                        LON1 / LON2 / DLON  
    -1                                                      EXPONENT            
TEC/RMS values in 0.1 TECU; 9999, if no value available     COMMENT             
                                                            END OF HEADER       
[from data line 3003]
     8                                                      START OF TEC MAP    
  2014    10    27     7     0     0                        EPOCH OF CURRENT MAP
    87.5-180.0 180.0   5.0 350.0                            LAT/LON1/LON2/DLON/H
   92   92   92   92   92   92   92   92   92   92   92   92   92   92   92   92
   92   92   92   92   92   92   92   92   92   92   92   92   92   92   92   92
   92   92   92   92   92   92   92   92   92   92   92   92   92   92   92   92
   92   92   92   98  114  129  142  154  162  167  169  166  161  153  142  129
  116  102   92   92   92   92   92   92   92
    85.0-180.0 180.0   5.0 350.0                            LAT/LON1/LON2/DLON/H
   92   92   92   92   92   92   92   92   92   92   92   92   92   92   92   92
   92   92   92   92   92   92   92   92   92   92   92   92   92   92   92   92
   92   92   92   92   92   92   92   92   92   92   92   92   92   92   92   92
   92   92   92   98  114  129  142  154  162  167  169  166  161  153  142  129
  116  102   92   92   92   92   92   92   92
    82.5-180.0 180.0   5.0 350.0                            LAT/LON1/LON2/DLON/H
   92   92   92   92   92   92   92   92   92   92   92   92   92   92   92   92
   92   92   92   92   92   92   92   92   92   92   92   92   92   92   92   92
   92   92   92   92   92   92   92   92   92   92   92   92   92   92   92   92
   92   92   92   98  114  129  142  154  162  167  169  166  161  153  142  129
  116  102   92   92   92   92   92   92   92
    80.0-180.0 180.0   5.0 350.0                            LAT/LON1/LON2/DLON/H
   92   92   92   92   92   92   92   92   92   92   92   92   92   92   92   92
   92   92   92   92   92   92   92   92   92   92   92   92   92   92   92   92
   92   92   92   92   92   92   92   92   92   92   92   92   92   92   92   92
   92   92   92   98  114  129  142  154  162  167  169  166  161  153  142  129
  116  102   92   92   92   92   92   92   92
    77.5-180.0 180.0   5.0 350.0                            LAT/LON1/LON2/DLON/H
   92   92   92   92   92   92   92   92   92   92   92   92   92   92   92   92
   92   92   92   92   92   92   92   92   92   92   92   92   92   92   92   92
   92   92   92   92   92   92   92   92   92   92   92   92   92   92   92   92
   92   92   92   98  114  129  142  154  162  167  169  166  161  153  142  129
  116  102   92   92   92   92   92   92   92
    75.0-180.0 180.0   5.0 350.0                            LAT/LON1/LON2/DLON/H
   92   92   92   92   92   92   92   92   92   92   92   92   92   92   92   92
   92   92   92   92   92   92   92   92   92   92   92   92   92   92   92   92
   92   92   92   92   92   92   92   92   92   92   92   92   92   92   92   92
   92   92   92   98  114  129  142  154  162  167  169  166  161  153  142  129
  116  102   92   92   92   92   92   92   92
    72.5-180.0 180.0   5.0 350.0                            LAT/LON1/LON2/DLON/H
   92   92   92   92   92   92   92   92   92   92   92   92   92   92   92   92
   92   92   92   92   92   92   92   92   92   92   92   92   92   92   92   92
   92   92   92   92   92   92   92   92   92   92   92   92   92   92   92   92
  102  120  139  159  178  196  212  224  233  238  239  236  229  218  205  188
  171  152  134  118  103   93   92   92   92
    70.0-180.0 180.0   5.0 350.0                            LAT/LON1/LON2/DLON/H
   92   92   92   92   92   92   92   92   92   92   92   92   92   92   92   92
   92   92   92   92   92   92   92   92   92   92   92   92   92   92   92   92
   92   92   92   92   92   92   92   92   92   92   92   92   92   97  110  128
  148  171  195  219  241  262  280  293  303  308  309  305  296  283  266  247
  225  202  178  156  135  118  104   95   92
    67.5-180.0 180.0   5.0 350.0                            LAT/LON1/LON2/DLON/H
   94   92   92   92   92   92   92   92   92   92   92   92   92   92   92   92
   92   92   92   92   92   92   92   92   92   92   92   92   92   92   92   92
   92   92   92   92   92   92   92   92   92   92   92   96  106  122  142  165
  192  219  248  275  301  324  343  358  368  374  374  368  358  343  324  301
  275  248  220  192  165  141  121  105   94
    65.0-180.0 180.0   5.0 350.0                            LAT/LON1/LON2/DLON/H
   95   92   92   92   92   92   92   92   92   92   92   92   92   92   92   92
   92   92   92   92   92   92   92   92   92   92   92   92   92   92   92   92
   92   92   92   92   92   92   92   92   92   92   94  105  123  145  171  200
  232  264  296  327  356  381  402  418  429  434  434  428  416  399  377  351
  322  291  258  225  193  163  136  113   95
    62.5-180.0 180.0   5.0 350.0                            LAT/LON1/LON2/DLON/H
   97   92   92   92   92   92   92   92   92   92   92   92   92   92   92   92
   92   92   92   92   92   92   92   92   92   92   92   92   92   92   92   92
   92   92   92   92   92   92   92   92   92   92   95  114  138  166  198  233
  269  306  342  376  407  434  456  473  485  490  489  482  469  450  426  398
  366  331  294  256  219  183  150  121   97
    60.0-180.0 180.0   5.0 350.0                            LAT/LON1/LON2/DLON/H
   98   92   92   92   92   92   92   92   92   92   92   92   92   92   92   92
   92   92   92   92   92   92   92   92   92   92   92   92   92   92   92   92
   92   92   92   92   92   92   92   92   92   92   97  122  152  186  224  264
  304  345  384  420  454  482  506  524  536  542  540  532  518  498  472  441
  406  367  327  285  243  202  164  129   98
    57.5-180.0 180.0   5.0 350.0                            LAT/LON1/LON2/DLON/H
   99   92   92   92   92   92   92   92   92   92   92   92   92   92   92   92
   92   92   92   92   92   92   92   92   92   92   92   92   92   92   92   92
   92   92   92   92   92   92   92   92   92   92   98  129  165  205  248  292
  336  380  422  461  497  527  552  571  583  589  587  578  563  541  513  480
  442  401  357  311  265  220  176  136   99
    55.0-180.0 180.0   5.0 350.0                            LAT/LON1/LON2/DLON/H
  100   92   92   92   92   92   92   92   92   92   92   92   92   92   92   92
   92   92   92   92   92   92   92   92   92   92   92   92   92   92   92   92
   92   92   92   92   92   92   92   92   92   92   99  136  177  222  269  317
  366  413  458  499  536  568  594  613  626  631  630  620  604  581  551  516
  476  432  385  335  285  236  187  142  100
    52.5-180.0 180.0   5.0 350.0                            LAT/LON1/LON2/DLON/H
  101   92   92   92   92   92   92   92   92   92   92   92   92   92   92   92
   92   92   92   92   92   92   92   92   92   92   92   92   92   92   92   92
   92   92   92   92   92   92   92   92   92   92  100  142  189  238  289  341
  393  443  490  533  572  605  632  652  665  670  668  658  641  617  586  549
  506  460  410  357  304  250  198  148  101
    50.0-180.0 180.0   5.0 350.0                            LAT/LON1/LON2/DLON/H
  102   92   92   92   92   92   92   92   92   92   92   92   92   92   92   92
   92   92   92   92   92   92   92   92   92   92   92   92   92   92   92   92
   92   92   92   92   92   92   92   92   92   92  101  148  199  252  307  363
  417  470  519  564  604  638  666  687  700  705  702  692  674  649  616  578
  534  485  433  377  321  263  207  153  102
    47.5-180.0 180.0   5.0 350.0                            LAT/LON1/LON2/DLON/H
  103   92   92   92   92   92   92   92   92   92   92   92   92   92   92   92
   92   92   92   92   92   92   92   92   92   92   92   92   92   92   92   92
   92   92   92   92   92   92   92   92   92   92  102  154  208  265  324  382
  439  494  545  592  633  668  696  717  731  736  733  722  704  677  644  604
  558  508  453  395  336  275  216  158  103
    45.0-180.0 180.0   5.0 350.0                            LAT/LON1/LON2/DLON/H
  104   92   92   92   92   92   92   92   92   92   92   92   92   92   92   92
   92   92   92   92   92   92   92   92   92   92   92   92   92   92   92   92
   92   92   92   92   92   92   92   92   92   92  103  158  217  277  339  400
  459  516  568  616  659  697  727  747  759  763  761  752  735  711  679  636
  582  528  471  411  349  286  223  162  104
    42.5-180.0 180.0   5.0 350.0                            LAT/LON1/LON2/DLON/H
  105   92   92   92   92   92   92   92   92   92   92   92   92   92   92   92
   92   92   92   92   92   92   92   92   92   92   92   92   92   92   92   92
   92   92   92   92   92   92   92   92   92   92  104  163  224  288  352  415
  476  549  615  666  706  736  758  774  783  787  785  778  765  747  722  690
  649  598  535  458  364  296  230  166  105
    40.0-180.0 180.0   5.0 350.0                            LAT/LON1/LON2/DLON/H
  105   92   92   92   92   92   92   92   92   92   92   92   92   92   92   92
   92   92   92   92   92   92   92   92   92   92   92   92   92   92   92   92
   92   92   92   92   92   92   92   92   92   92  105  166  231  297  392  485
  561  622  672  711  742  766  784  796  804  807  806  800  789  774  754  729
  696  657  608  550  479  394  292  173  105
    37.5-180.0 180.0   5.0 350.0                            LAT/LON1/LON2/DLON/H
  213   92   92   92   92   92   92   92   92   92   92   92   92   92   92   92
   92   92   92   92   92   92   92   92   92   92   92   92   92   92   92   92
   92   92   92   92   92   92   92   92   92   92  105  188  309  412  497  568
  626  674  713  745  770  790  805  815  821  824  823  818  809  797  780  758
  732  700  661  614  558  492  413  321  213
    35.0-180.0 180.0   5.0 350.0                            LAT/LON1/LON2/DLON/H
  340  242  131   92   92   92   92   92   92   92   92   92   92   92   92   92
   92   92   92   92   92   92   92   92   92   92   92   92   92   92   92   92
   92   92   92   92   92   92   92   92   92   99  222  331  425  504  571  627
  674  713  745  771  792  809  821  830  835  837  836  832  825  814  800  782
  759  732  700  661  616  562  499  425  340
    32.5-180.0 180.0   5.0 350.0                            LAT/LON1/LON2/DLON/H
  433  353  262  160   92   92   92   92   92   92   92   92   92   92   92   92
   92   92   92   92   92   92   92   92   92   92   92   92   92   92   92   92
   92   92   92   92   92   92   92   92  136  247  346  433  508  571  625  671
  710  742  769  791  809  823  834  842  846  848  847  843  837  827  815  799
  780  757  729  697  659  614  562  502  433
    30.0-180.0 180.0   5.0 350.0                            LAT/LON1/LON2/DLON/H
  502  436  361  276  182   92   92   92   92   92   92   92   92   92   92   92
   92   92   92   92   92   92   92   92   92   92   92   92   92   92   92   92
   92   92   92   92   92   92   92  164  265  357  437  508  569  621  666  705
  737  765  788  807  822  834  844  850  854  856  855  851  846  837  826  813
  796  776  752  724  692  654  610  560  502
    27.5-180.0 180.0   5.0 350.0                            LAT/LON1/LON2/DLON/H
  554  499  436  365  286  199  106   92   92   92   92   92   92   92   92   92
   92   92   92   92   92   92   92   92   92   92   92   92   92   92   92   92
   92   92   92   92   92   92  186  279  363  439  505  564  615  659  697  730
  758  782  802  818  831  842  850  856  859  860  859  856  851  844  834  822
  808  790  769  745  717  684  647  604  554
    25.0-180.0 180.0   5.0 350.0                            LAT/LON1/LON2/DLON/H
  595  547  493  433  366  292  211  125   92   92   92   92   92   92   92   92
   92   92   92   92   92   92   92   92   92   92   92   92   92   92   92   92
   92   92   92   92  113  203  288  367  438  501  557  607  650  688  721  749
  773  794  811  826  837  847  854  858  861  862  861  859  854  848  839  828
  815  800  781  760  735  707  674  637  595
    22.5-180.0 180.0   5.0 350.0                            LAT/LON1/LON2/DLON/H
  626  585  538  486  428  364  295  220  140   92   92   92   92   92   92   92
   92   92   92   92   92   92   92   92   92   92   92   92   92   92   92   92
   92   92   92  134  217  295  368  434  495  549  597  640  677  710  739  763
  784  802  818  830  840  848  854  859  861  862  861  858  854  848  841  831
  819  806  789  771  749  724  695  663  626
    20.0-180.0 180.0   5.0 350.0                            LAT/LON1/LON2/DLON/H
  650  613  572  527  477  421  361  295  225  152   92   92   92   92   92   92
   92   92   92   92   92   92   92   92   92   92   92   92   92   92   92   92
   92   92  151  227  299  367  430  487  539  586  628  665  697  726  751  773
  791  807  820  831  840  847  853  856  858  859  858  856  852  846  840  831
  821  808  794  777  758  736  711  682  650
    17.5-180.0 180.0   5.0 350.0                            LAT/LON1/LON2/DLON/H
  667  635  599  559  515  466  413  356  294  229  161   92   92   92   92   92
   92   92   92   92   92   92   92   92   92   92   92   92   92   92   92   92
   95  165  234  301  364  423  478  528  573  614  651  683  712  737  759  778
  795  809  820  830  838  844  848  851  853  853  853  850  847  842  836  828
  819  808  795  780  763  743  721  696  667
    15.0-180.0 180.0   5.0 350.0                            LAT/LON1/LON2/DLON/H
  679  651  619  583  544  501  454  403  349  291  230  168  104   92   92   92
   92   92   92   92   92   92   92   92   92   92   92   92   92   92   92  112
  176  240  301  360  416  468  516  560  600  636  668  697  722  744  764  780
  795  807  817  826  833  838  842  844  846  846  845  843  840  835  830  823
  815  805  793  780  765  747  727  705  679
    12.5-180.0 180.0   5.0 350.0                            LAT/LON1/LON2/DLON/H
  687  661  633  601  566  528  486  441  393  341  287  230  172  114   92   92
   92   92   92   92   92   92   92   92   92   92   92   92   92   92  127  185
  243  300  355  407  456  502  545  584  619  651  680  705  728  747  765  779
  792  803  812  819  825  830  833  835  836  836  835  834  831  827  822  815
  808  799  789  777  763  747  730  710  687
    10.0-180.0 180.0   5.0 350.0                            LAT/LON1/LON2/DLON/H
  690  668  642  614  583  549  511  471  427  381  332  281  228  174  121   92
   92   92   92   92   92   92   92   92   92   92   92   92   92  138  191  244
  297  348  397  444  488  529  567  602  633  662  687  710  730  747  763  776
  787  796  804  811  816  820  822  824  825  825  824  822  819  816  811  806
  799  791  782  771  759  745  729  711  690
     7.5-180.0 180.0   5.0 350.0                            LAT/LON1/LON2/DLON/H
  691  670  647  622  594  563  530  493  454  412  368  322  274  225  175  125
   92   92   92   92   92   92   92   92   92   92   92   98  146  194  243  292
  340  386  431  473  512  549  583  614  642  668  691  711  729  744  758  769
  779  787  794  800  804  807  810  811  812  812  811  809  806  803  799  794
  788  781  773  763  752  739  725  709  691
     5.0-180.0 180.0   5.0 350.0                            LAT/LON1/LON2/DLON/H
  688  669  649  626  601  573  543  510  474  436  396  354  310  265  220  173
  128   92   92   92   92   92   92   92   92   92  108  151  196  241  286  331
  374  417  457  495  531  564  594  622  647  670  691  709  725  738  750  761
  769  776  782  787  791  794  795  797  797  797  796  794  792  789  785  780
  775  769  761  753  743  732  719  704  688
     2.5-180.0 180.0   5.0 350.0                            LAT/LON1/LON2/DLON/H
  682  666  647  626  604  578  551  521  489  455  418  380  339  298  256  213
  170  128   92   92   92   92   92   92   92  114  154  195  236  278  320  361
  401  440  476  511  543  573  601  626  649  669  688  704  718  730  741  750
  757  764  769  773  776  778  779  780  780  780  779  777  775  772  769  765
  760  755  748  740  732  722  710  697  682
