gLAB/files/disturbance/27_10_2014/ckmg3000.14i
     1.0            IONOSPHERE MAPS     GNSS                IONEX VERSION / TYPE
BIMINX V5.3         AIUB                07-NOV-14 08:39     PGM / RUN BY / DATE 
CODE'S KLOBUCHAR-STYLE IONOSPHERE MODEL FOR DAY 300, 2014   COMMENT             
  2014    10    27     0     0     0                        EPOCH OF FIRST MAP  
  2014    10    28     0     0     0                        EPOCH OF LAST MAP   
  3600                                                      INTERVAL            
    25                                                      # OF MAPS IN FILE   
  NONE                                                      MAPPING FUNCTION    
     0.0                                                    ELEVATION CUTOFF    
                                                            OBSERVABLES USED    
  6371.0                                                    BASE RADIUS         
     2                                                      MAP DIMENSION       
   350.0 350.0   0.0                                        HGT1 / HGT2 / DHGT  
    87.5 -87.5  -2.5                                        LAT1 / LAT2 / DLAT  
  -180.0 180.0   5.0                                        LON1 / LON2 / DLON  
    -1                                                      EXPONENT            
TEC/RMS values in 0.1 TECU; 9999, if no value available     COMMENT             
                                                            END OF HEADER       
[from data line 2145]
     6                                                      START OF TEC MAP    
  2014    10    27     5     0     0                        EPOCH OF CURRENT MAP
    87.5-180.0 180.0   5.0 350.0                            LAT/LON1/LON2/DLON/H
   92   92   92   92   92   92   92   92   92   92   92   92   92   92   92   92
   92   92   92   92   92   92   92   92   92   92   92   92   92   92   92   92
   92   92   92   92   92   92   92   92   92   92   92   92   92   92   92   92
   92   92   92   94  102  112  123  134  144  153  159  162  161  157  149  138
  124  106   92   92   92   92   92   92   92
    85.0-180.0 180.0   5.0 350.0                            LAT/LON1/LON2/DLON/H
   92   92   92   92   92   92   92   92   92   92   92   92   92   92   92   92
   92   92   92   92   92   92   92   92   92   92   92   92   92   92   92   92
   92   92   92   92   92   92   92   92   92   92   92   92   92   92   92   92
   92   92   92   94  102  112  123  134  144  153  159  162  161  157  149  138
  124  106   92   92   92   92   92   92   92
    82.5-180.0 180.0   5.0 350.0                            LAT/LON1/LON2/DLON/H
   92   92   92   92   92   92   92   92   92   92   92   92   92   92   92   92
   92   92   92   92   92   92   92   92   92   92   92   92   92   92   92   92
   92   92   92   92   92   92   92   92   92   92   92   92   92   92   92   92
   92   92   92   94  102  112  123  134  144  153  159  162  161  157  149  138
  124  106   92   92   92   92   92   92   92
    80.0-180.0 180.0   5.0 350.0                            LAT/LON1/LON2/DLON/H
   92   92   92   92   92   92   92   92   92   92   92   92   92   92   92   92
   92   92   92   92   92   92   92   92   92   92   92   92   92   92   92   92
   92   92   92   92   92   92   92   92   92   92   92   92   92   92   92   92
   92   92   92   94  102  112  123  134  144  153  159  162  161  157  149  138
  124  106   92   92   92   92   92   92   92
    77.5-180.0 180.0   5.0 350.0                            LAT/LON1/LON2/DLON/H
   92   92   92   92   92   92   92   92   92   92   92   92   92   92   92   92
   92   92   92   92   92   92   92   92   92   92   92   92   92   92   92   92
   92   92   92   92   92   92   92   92   92   92   92   92   92   92   92   92
   92   92   92   94  102  112  123  134  144  153  159  162  161  157  149  138
  124  106   92   92   92   92   92   92   92
    75.0-180.0 180.0   5.0 350.0                            LAT/LON1/LON2/DLON/H
   92   92   92   92   92   92   92   92   92   92   92   92   92   92   92   92
   92   92   92   92   92   92   92   92   92   92   92   92   92   92   92   92
   92   92   92   92   92   92   92   92   92   92   92   92   92   92   92   92
   92   92   92   94  102  112  123  134  144  153  159  162  161  157  149  138
  124  106   92   92   92   92   92   92   92
    72.5-180.0 180.0   5.0 350.0                            LAT/LON1/LON2/DLON/H
   92   92   92   92   92   92   92   92   92   92   92   92   92   92   92   92
   92   92   92   92   92   92   92   92   92   92   92   92   92   92   92   92
   92   92   92   92   92   92   92   92   92   92   92   92   92   92   92   92
   93   97  106  118  133  149  166  183  198  210  220  227  229  227  221  211
  197  180  160  138  116   94   92   92   92
    70.0-180.0 180.0   5.0 350.0                            LAT/LON1/LON2/DLON/H
   92   92   92   92   92   92   92   92   92   92   92   92   92   92   92   92
   92   92   92   92   92   92   92   92   92   92   92   92   92   92   92   92
   92   92   92   92   92   92   92   92   92   92   92   92   92   92   92   92
   94  106  122  141  163  186  208  230  250  267  281  291  296  296  292  283
  270  252  231  208  183  158  133  110   92
    67.5-180.0 180.0   5.0 350.0                            LAT/LON1/LON2/DLON/H
  137  116   99   92   92   92   92   92   92   92   92   92   92   92   92   92
   92   92   92   92   92   92   92   92   92   92   92   92   92   92   92   92
   92   92   92   92   92   92   92   92   92   92   92   92   92   92   92   92
   96  115  138  163  191  219  247  274  299  320  337  350  358  361  358  350
  337  320  298  273  246  218  190  162  137
    65.0-180.0 180.0   5.0 350.0                            LAT/LON1/LON2/DLON/H
  181  154  131  112   99   92   92   92   92   92   92   92   92   92   92   92
   92   92   92   92   92   92   92   92   92   92   92   92   92   92   92   92
   92   92   92   92   92   92   92   92   92   92   92   92   92   92   92   92
   97  123  152  184  217  251  284  315  344  369  390  405  416  420  419  412
  400  382  360  334  305  274  243  211  181
    62.5-180.0 180.0   5.0 350.0                            LAT/LON1/LON2/DLON/H
  222  190  161  136  116  102   93   92   92   92   92   92   92   92   92   92
   92   92   92   92   92   92   92   92   92   92   92   92   92   92   92   92
   92   92   92   92   92   92   92   92   92   92   92   92   92   92   92   92
   98  130  165  202  241  280  317  353  386  414  438  456  469  476  476  470
  458  440  418  390  360  327  292  257  222
    60.0-180.0 180.0   5.0 350.0                            LAT/LON1/LON2/DLON/H
  261  224  189  158  132  110   95   92   92   92   92   92   92   92   92   92
   92   92   92   92   92   92   92   92   92   92   92   92   92   92   92   92
   92   92   92   92   92   92   92   92   92   92   92   92   92   92   92   92
  100  137  177  220  263  307  349  388  424  456  482  503  518  526  528  523
  511  494  471  443  410  375  338  299  261
    57.5-180.0 180.0   5.0 350.0                            LAT/LON1/LON2/DLON/H
  296  255  215  179  146  119   96   92   92   92   92   92   92   92   92   92
   92   92   92   92   92   92   92   92   92   92   92   92   92   92   92   92
   92   92   92   92   92   92   92   92   92   92   92   92   92   92   92   92
  101  143  188  236  284  331  377  420  459  494  523  546  563  573  576  572
  561  543  520  491  457  420  380  338  296
    55.0-180.0 180.0   5.0 350.0                            LAT/LON1/LON2/DLON/H
  329  284  240  198  160  126   98   92   92   92   92   92   92   92   92   92
   92   92   92   92   92   92   92   92   92   92   92   92   92   92   92   92
   92   92   92   92   92   92   92   92   92   92   92   92   92   92   92   92
  102  149  199  250  302  354  403  449  491  529  560  585  604  615  619  616
  606  588  564  535  500  461  419  374  329
    52.5-180.0 180.0   5.0 350.0                            LAT/LON1/LON2/DLON/H
  359  310  262  216  173  133   99   92   92   92   92   92   92   92   92   92
   92   92   92   92   92   92   92   92   92   92   92   92   92   92   92   92
   92   92   92   92   92   92   92   92   92   92   92   92   92   92   92   92
  103  154  208  264  319  374  426  475  520  560  594  621  641  654  659  656
  646  629  605  575  539  499  454  407  359
    50.0-180.0 180.0   5.0 350.0                            LAT/LON1/LON2/DLON/H
  386  334  282  232  184  140  100   92   92   92   92   92   92   92   92   92
   92   92   92   92   92   92   92   92   92   92   92   92   92   92   92   92
   92   92   92   92   92   92   92   92   92   92   92   92   92   92   92   92
  103  159  217  276  335  392  447  499  546  588  624  652  674  688  694  693
  683  666  642  611  575  533  487  438  386
    47.5-180.0 180.0   5.0 350.0                            LAT/LON1/LON2/DLON/H
  411  356  301  247  195  146  101   92   92   92   92   92   92   92   92   92
   92   92   92   92   92   92   92   92   92   92   92   92   92   92   92   92
   92   92   92   92   92   92   92   92   92   92   92   92   92   92   92   92
  104  163  224  286  348  409  466  520  569  613  650  681  704  719  726  725
  716  699  675  644  607  564  516  465  411
    45.0-180.0 180.0   5.0 350.0                            LAT/LON1/LON2/DLON/H
  434  377  318  261  205  151  102   92   92   92   92   92   92   92   92   92
   92   92   92   92   92   92   92   92   92   92   92   92   92   92   92   92
   92   92   92   92   92   92   92   92   92   92   92   92   92   92   92   92
  105  167  231  296  360  438  509  569  618  658  691  716  735  748  754  753
  745  729  704  673  635  591  543  490  434
    42.5-180.0 180.0   5.0 350.0                            LAT/LON1/LON2/DLON/H
  454  395  334  273  213  156  103   92   92   92   92   92   92   92   92   92
   92   92   92   92   92   92   92   92   92   92   92   92   92   92   92   92
   92   92   92   92   92   92   92   92   92   92   92   92   92   92   92   92
  105  203  306  395  471  536  590  636  674  705  731  751  765  775  779  778
  772  758  736  705  661  616  566  512  454
    40.0-180.0 180.0   5.0 350.0                            LAT/LON1/LON2/DLON/H
  472  411  347  284  221  161  104   92   92   92   92   92   92   92   92   92
   92   92   92   92   92   92   92   92   92   92   92   92   92   92   92   92
   92   92   92   92   92   92   92   92   92   92   92   92   92   92   92  141
  248  341  423  493  553  604  647  684  715  741  761  778  789  797  801  800
  794  783  766  742  709  665  608  533  472
    37.5-180.0 180.0   5.0 350.0                            LAT/LON1/LON2/DLON/H
  542  454  360  294  228  165  104   92   92   92   92   92   92   92   92   92
   92   92   92   92   92   92   92   92   92   92   92   92   92   92   92   92
   92   92   92   92   92   92   92   92   92   92   92   92   92   92  181  278
  365  440  506  563  612  654  690  720  746  768  785  799  809  816  819  818
  813  804  790  771  744  710  667  612  542
    35.0-180.0 180.0   5.0 350.0                            LAT/LON1/LON2/DLON/H
  613  546  465  366  248  168  105   92   92   92   92   92   92   92   92   92
   92   92   92   92   92   92   92   92   92   92   92   92   92   92   92   92
   92   92   92   92   92   92   92   92   92   92   92   92  108  209  299  380
  451  513  568  615  656  691  722  748  770  789  804  816  825  831  833  833
  829  821  810  793  772  744  710  666  613
    32.5-180.0 180.0   5.0 350.0                            LAT/LON1/LON2/DLON/H
  664  611  548  472  382  276  155   92   92   92   92   92   92   92   92   92
   92   92   92   92   92   92   92   92   92   92   92   92   92   92   92   92
   92   92   92   92   92   92   92   92   92   92   92  135  228  313  389  456
  516  568  614  654  689  720  746  769  789  805  818  829  837  842  845  844
  841  835  825  812  794  771  742  707  664
    30.0-180.0 180.0   5.0 350.0                            LAT/LON1/LON2/DLON/H
  702  659  608  548  477  394  298  189   92   92   92   92   92   92   92   92
   92   92   92   92   92   92   92   92   92   92   92   92   92   92   92   92
   92   92   92   92   92   92   92   92   92   92  154  241  321  393  457  514
  565  610  650  684  715  742  765  785  802  817  829  838  846  850  853  853
  851  845  837  826  810  791  767  738  702
    27.5-180.0 180.0   5.0 350.0                            LAT/LON1/LON2/DLON/H
  731  696  653  604  546  478  401  314  217  111   92   92   92   92   92   92
   92   92   92   92   92   92   92   92   92   92   92   92   92   92   92   92
   92   92   92   92   92   92   92   92   92  168  250  325  393  455  510  559
  603  642  677  707  734  758  778  796  812  825  836  845  851  856  858  859
  857  853  846  836  823  807  786  761  731
    25.0-180.0 180.0   5.0 350.0                            LAT/LON1/LON2/DLON/H
  754  723  688  646  597  542  478  406  326  238  144   92   92   92   92   92
   92   92   92   92   92   92   92   92   92   92   92   92   92   92   92   92
   92   92   92   92   92   92   92   96  177  254  325  390  449  503  551  594
  632  667  697  724  748  769  788  804  818  830  840  848  854  859  861  862
  861  857  851  843  832  818  800  779  754
    22.5-180.0 180.0   5.0 350.0                            LAT/LON1/LON2/DLON/H
  770  744  714  678  637  590  536  476  409  336  256  171   92   92   92   92
   92   92   92   92   92   92   92   92   92   92   92   92   92   92   92   92
   92   92   92   92   92   92  108  183  255  323  385  442  493  540  582  620
  654  685  712  736  757  776  793  808  820  831  841  848  854  859  861  862
  861  859  854  847  838  826  811  792  770
    20.0-180.0 180.0   5.0 350.0                            LAT/LON1/LON2/DLON/H
  782  760  733  702  667  627  581  530  473  410  343  270  194  116   92   92
   92   92   92   92   92   92   92   92   92   92   92   92   92   92   92   92
   92   92   92   92   92  116  187  254  318  377  432  482  528  569  606  640
  670  697  722  743  763  780  795  808  820  830  839  846  852  856  859  860
  860  858  854  848  840  830  817  801  782
    17.5-180.0 180.0   5.0 350.0                            LAT/LON1/LON2/DLON/H
  790  770  747  721  690  655  615  571  522  468  410  347  281  212  142   92
   92   92   92   92   92   92   92   92   92   92   92   92   92   92   92   92
   92   92   92   92  122  188  251  312  368  421  469  514  554  591  624  654
  681  706  728  747  765  780  794  806  817  827  835  841  847  851  854  856
  856  855  852  847  840  831  820  806  790
    15.0-180.0 180.0   5.0 350.0                            LAT/LON1/LON2/DLON/H
  794  777  757  734  707  676  642  603  560  514  463  408  350  289  227  164
  102   92   92   92   92   92   92   92   92   92   92   92   92   92   92   92
   92   92   92  125  187  246  304  357  408  455  498  538  574  607  637  664
  688  710  730  747  763  778  790  802  812  820  828  834  840  844  847  849
  850  849  847  843  837  830  820  809  794
    12.5-180.0 180.0   5.0 350.0                            LAT/LON1/LON2/DLON/H
  795  780  762  742  718  692  661  627  590  549  504  456  405  351  295  239
  182  126   92   92   92   92   92   92   92   92   92   92   92   92   92   92
   92   92  126  184  240  294  345  394  439  481  520  555  588  618  644  669
  691  711  729  745  759  772  784  794  804  812  819  825  831  835  838  840
  841  841  840  837  832  826  818  808  795
    10.0-180.0 180.0   5.0 350.0                            LAT/LON1/LON2/DLON/H
  793  780  765  747  726  702  675  645  612  575  536  493  448  400  350  299
  248  196  146   98   92   92   92   92   92   92   92   92   92   92   92   92
   92  126  180  232  283  332  379  422  463  501  536  568  597  624  648  670
  690  708  725  739  753  765  775  785  794  801  808  814  819  824  827  829
  831  831  830  828  825  819  813  804  793
     7.5-180.0 180.0   5.0 350.0                            LAT/LON1/LON2/DLON/H
  788  777  764  748  729  708  684  658  628  596  560  522  481  438  394  347
  301  253  207  161  118   92   92   92   92   92   92   92   92   92   92   92
  124  174  223  272  318  362  405  444  481  515  547  576  602  627  649  669
  687  703  718  732  744  755  765  774  782  789  796  801  806  811  814  817
  818  819  819  818  815  811  805  798  788
     5.0-180.0 180.0   5.0 350.0                            LAT/LON1/LON2/DLON/H
  781  771  760  746  729  711  690  666  639  610  578  544  507  468  428  386
  343  300  257  214  173  133   95   92   92   92   92   92   92   92   92  121
  167  213  259  303  345  386  424  460  494  525  553  580  604  626  646  664
  680  695  709  721  733  743  752  760  768  775  781  787  792  796  799  802
  804  806  806  805  803  800  795  789  781
     2.5-180.0 180.0   5.0 350.0                            LAT/LON1/LON2/DLON/H
  772  763  753  741  727  710  691  670  646  620  591  560  527  491  455  416
  377  337  297  257  218  180  143  108   92   92   92   92   92   92  115  159
  202  245  287  327  366  403  438  471  502  530  556  580  602  622  640  657
  672  686  698  709  720  729  737  745  752  759  765  770  775  780  783  786
  789  790  791  791  790  787  784  779  772
