gLAB/files/disturbance/27_10_2014/dmd_euv72hg3000.14i
     1.0            IONOSPHERE MAPS     GNSS                IONEX VERSION / TYPE
IONINX V5.3         AIUB                27-OCT-14 07:49     PGM / RUN BY / DATE 
CODE'S 1-DAY PREDICTED IONOSPHERE MAPS FOR DAY 300, 2014    COMMENT             
Global ionosphere maps (GIM) are generated on a daily basis DESCRIPTION         
at CODE using data from about 150 GPS sites of the IGS and  DESCRIPTION         
other institutions. The vertical total electron content     DESCRIPTION         
(VTEC) is modeled in a solar-geomagnetic reference frame    DESCRIPTION         
using a spherical harmonics expansion up to degree and      DESCRIPTION         
order 15. Piece-wise linear functions are used for          DESCRIPTION         
representation in the time domain. The time spacing of      DESCRIPTION         
their vertices is 2 hours, conforming with the epochs of    DESCRIPTION         
the VTEC maps. Instrumental biases, so-called differential  DESCRIPTION         
P1-P2 code biases (DCB), for all GPS satellites and ground  DESCRIPTION         
stations are estimated as constant values for each day,     DESCRIPTION         
simultaneously with the 13 times 256, or 3328 parameters    DESCRIPTION         
used to represent the global VTEC distribution. The DCB     DESCRIPTION         
datum is defined by a zero-mean condition imposed on the    DESCRIPTION         
satellite bias estimates. P1-C1 bias corrections are taken  DESCRIPTION         
into account if needed. To convert line-of-sight TEC into   DESCRIPTION         
vertical TEC, a modified single-layer model mapping         DESCRIPTION         
function approximating the JPL extended slab model mapping  DESCRIPTION         
function is adopted. The mapping function is evaluated at   DESCRIPTION         
geodetic satellite elevation angles. For the computation of DESCRIPTION         
the ionospheric pierce points, a spherical layer with a     DESCRIPTION         
radius of 6821 km is assumed, implying geocentric, not      DESCRIPTION         
geodetic IONEX latitudes.                                   DESCRIPTION         
Contact address: stefan.schaer or code @aiub.unibe.ch       DESCRIPTION         
Web page:        www.aiub.unibe.ch/content/ionosphere/      DESCRIPTION         
Data archive:    ftp.unibe.ch/aiub/CODE/                    DESCRIPTION         
  2014    10    27     0     0     0                        EPOCH OF FIRST MAP  
  2014    10    28     0     0     0                        EPOCH OF LAST MAP   
  7200                                                      INTERVAL            
    13                                                      # OF MAPS IN FILE   
  NONE                                                      MAPPING FUNCTION    
    10.0                                                    ELEVATION CUTOFF    
One-way carrier phase leveled to code                       OBSERVABLES USED    
  6371.0                                                    BASE RADIUS         
     2                                                      MAP DIMENSION       
   450.0 450.0   0.0                                        HGT1 / HGT2 / DHGT  
    87.5 -87.5  -2.5                                        LAT1 / LAT2 / DLAT  
  -180.0 180.0   5.0                                        LON1 / LON2 / DLON  
    -1                                                      EXPONENT            
TEC/RMS values in 0.1 TECU; 9999, if no value available     COMMENT             
                                                            END OF HEADER       
[from data line 2145]
     6                                                      START OF TEC MAP    
  2014    10    27    10     0     0                        EPOCH OF CURRENT MAP
    87.5-180.0 180.0   5.0 450.0                            LAT/LON1/LON2/DLON/H
   14   14   14   14   14   14   15   15   15   15   15   15   15   15   15   15
   15   15   15   15   15   15   15   15   16   15   16   16   16   16   16   16
   16   16   16   16   16   16   16   16   16   16   16   16   15   15   15   15
   15   15   15   14   14   14   14   14   14   14   13   13   13   13   13   13
   13   13   13   13   13   14   14   14   14
    85.0-180.0 180.0   5.0 450.0                            LAT/LON1/LON2/DLON/H
   12   13   13   13   13   14   14   14   14   14   14   14   14   14   15   14
   14   14   14   14   14   14   15   15   15   15   15   15   16   16   16   16
   16   17   17   17   17   17   17   17   17   17   17   16   16   16   16   15
   15   15   14   14   14   13   13   12   12   12   12   11   11   11   11   11
   11   11   11   11   11   12   12   12   12
    82.5-180.0 180.0   5.0 450.0                            LAT/LON1/LON2/DLON/H
   11   12   12   12   13   13   13   13   14   14   14   14   14   13   13   13
   13   13   13   13   13   13   13   13   13   14   14   14   15   15   16   16
   17   17   18   18   18   19   19   19   19   19   18   18   18   18   17   17
   16   15   15   14   13   13   12   12   11   11   10   10   9   9   9   9
   9   9   9   9   9   10   10   11   11
    80.0-180.0 180.0   5.0 450.0                            LAT/LON1/LON2/DLON/H
   10   10   11   11   12   12   13   13   13   13   13   13   12   12   12   11
   11   11   11   10   10   10   11   11   11   12   13   13   14   15   16   16
   17   18   19   20   20   20   21   21   21   21   21   21   20   20   19   19
   18   17   16   16   15   14   13   12   11   10   10   9   8   8   7   7
   7   7   8   8   8   8   9   9   10
    77.5-180.0 180.0   5.0 450.0                            LAT/LON1/LON2/DLON/H
   9   10   10   11   11   12   12   12   12   12   12   11   11   11   10   10
   9   9   8   8   8   8   9   9   10   10   11   12   13   14   16   17
   18   19   20   21   22   23   23   24   24   24   24   24   23   23   22   22
   21   20   19   18   17   16   15   14   13   11   10   9   9   8   7   7
   7   7   7   7   7   7   8   8   9
    75.0-180.0 180.0   5.0 450.0                            LAT/LON1/LON2/DLON/H
   8   9   10   10   11   11   12   12   12   12   11   11   10   10   9   8
   8   7   7   7   7   7   7   8   8   9   10   11   13   14   16   17
   19   20   22   23   24   25   25   26   26   27   27   26   26   26   25   25
   24   23   22   21   20   19   18   16   15   14   12   11   10   9   8   8
   7   7   7   7   7   7   8   8   8
    72.5-180.0 180.0   5.0 450.0                            LAT/LON1/LON2/DLON/H
   8   9   9   10   10   11   11   11   12   11   11   11   10   9   8   8
   7   7   6   6   6   6   6   7   8   9   10   11   13   15   16   18
   20   21   23   24   26   27   28   28   29   29   29   29   29   28   28   28
   27   27   26   25   24   23   21   20   18   17   15   14   12   11   10   9
   9   8   8   8   7   7   8   8   8
    70.0-180.0 180.0   5.0 450.0                            LAT/LON1/LON2/DLON/H
   8   8   9   9   10   11   11   11   12   12   11   11   10   10   9   8
   7   7   6   6   6   6   6   7   8   9   10   12   13   15   17   19
   20   22   24   26   27   28   29   30   31   31   31   31   31   30   30   30
   30   29   29   28   27   26   24   23   21   19   18   16   15   13   12   11
   10   10   9   9   8   8   8   8   8
    67.5-180.0 180.0   5.0 450.0                            LAT/LON1/LON2/DLON/H
   7   7   8   8   9   10   11   11   12   12   12   11   11   10   9   9
   8   8   7   7   6   6   6   7   8   9   10   12   14   15   17   19
   21   23   25   27   29   30   31   32   32   32   32   32   32   31   31   31
   31   31   30   30   29   28   27   25   23   21   19   18   16   15   14   12
   12   11   10   9   9   8   7   7   7
    65.0-180.0 180.0   5.0 450.0                            LAT/LON1/LON2/DLON/H
   6   6   6   7   8   9   10   11   12   12   12   12   11   11   10   10
   9   9   8   8   7   7   7   7   8   9   11   12   14   16   18   20
   22   24   26   28   30   32   32   33   33   33   33   33   32   32   32   32
   32   32   31   31   30   29   28   26   24   22   20   18   17   15   14   13
   12   11   10   9   8   8   7   6   6
    62.5-180.0 180.0   5.0 450.0                            LAT/LON1/LON2/DLON/H
   5   5   5   6   7   8   9   10   11   11   12   12   12   11   11   10
   10   9   9   8   8   8   8   8   8   9   11   12   14   16   19   21
   23   25   28   30   32   33   34   34   35   34   34   34   33   33   33   32
   32   32   32   31   30   29   28   26   24   22   20   18   17   15   14   13
   12   11   10   9   8   7   6   5   5
    60.0-180.0 180.0   5.0 450.0                            LAT/LON1/LON2/DLON/H
   4   4   4   5   5   6   7   9   10   10   11   11   11   11   11   10
   10   10   9   9   8   8   8   8   9   10   11   13   15   17   19   22
   24   27   30   32   34   35   36   36   36   36   36   35   35   34   34   33
   33   32   32   31   30   29   27   26   24   22   20   18   17   15   14   12
   11   10   9   8   7   6   5   4   4
    57.5-180.0 180.0   5.0 450.0                            LAT/LON1/LON2/DLON/H
   3   3   3   4   5   5   6   7   8   9   10   10   11   11   10   10
   10   9   9   8   8   7   7   8   9   10   12   14   16   18   21   23
   26   29   32   34   36   37   38   38   38   38   38   38   37   36   36   35
   34   34   33   32   31   29   27   26   24   22   20   18   17   15   14   12
   11   9   8   7   6   5   4   4   3
    55.0-180.0 180.0   5.0 450.0                            LAT/LON1/LON2/DLON/H
   4   4   4   4   5   5   6   6   7   8   9   10   10   10   10   9
   9   9   8   8   7   7   7   8   9   10   12   15   17   19   22   25
   28   32   35   37   38   39   40   40   40   41   41   41   40   39   38   38
   37   36   35   33   32   30   28   26   24   22   21   19   18   17   15   13
   11   10   8   7   6   5   4   4   4
    52.5-180.0 180.0   5.0 450.0                            LAT/LON1/LON2/DLON/H
   5   5   5   6   6   6   6   6   7   8   9   9   10   9   9   9
   9   8   7   7   6   6   7   8   9   11   13   16   18   21   24   28
   31   34   37   39   41   42   42   42   43   43   44   44   43   42   41   40
   39   38   37   35   34   32   30   27   25   24   22   21   20   19   17   15
   13   11   9   8   7   6   6   5   5
    50.0-180.0 180.0   5.0 450.0                            LAT/LON1/LON2/DLON/H
   7   7   8   8   8   7   7   7   8   8   9   9   10   10   9   9
   9   8   7   7   6   6   7   8   10   12   15   17   20   23   27   30
   34   37   40   41   43   43   44   44   45   46   46   46   46   45   44   43
   42   40   39   37   35   33   31   29   27   25   24   23   22   21   20   18
   16   14   12   10   9   8   7   7   7
    47.5-180.0 180.0   5.0 450.0                            LAT/LON1/LON2/DLON/H
   10   10   10   10   10   10   9   9   9   10   10   11   11   11   10   10
   9   8   8   7   7   7   7   9   11   13   16   19   22   25   29   32
   36   39   41   43   44   45   45   46   47   48   49   49   49   48   47   45
   44   42   41   39   37   34   32   30   28   27   26   25   24   24   22   21
   19   16   14   12   11   10   9   9   10
    45.0-180.0 180.0   5.0 450.0                            LAT/LON1/LON2/DLON/H
   12   12   13   13   13   12   12   12   12   12   12   12   12   12   12   11
   11   10   9   9   8   8   9   10   12   14   17   20   23   27   30   34
   37   40   43   44   45   46   47   48   49   50   51   51   50   49   48   46
   45   43   41   39   37   35   33   31   29   28   27   26   26   25   24   23
   21   19   16   14   12   11   11   11   12
    42.5-180.0 180.0   5.0 450.0                            LAT/LON1/LON2/DLON/H
   13   13   14   14   15   14   14   14   14   14   14   14   14   14   13   13
   12   12   11   11   10   10   11   11   13   15   18   21   24   28   31   35
   38   41   43   45   46   47   48   49   51   52   53   53   52   51   49   47
   46   44   42   39   37   35   34   32   30   28   27   26   26   26   25   24
   22   20   17   15   13   12   12   12   13
    40.0-180.0 180.0   5.0 450.0                            LAT/LON1/LON2/DLON/H
   12   13   14   15   15   15   15   15   15   16   16   16   16   15   15   14
   14   13   13   13   13   12   12   13   14   16   19   22   25   28   32   35
   38   41   43   45   47   48   50   51   53   55   56   55   55   53   51   49
   47   44   42   40   38   36   35   33   31   29   27   26   26   25   25   24
   22   20   18   15   13   12   11   12   12
    37.5-180.0 180.0   5.0 450.0                            LAT/LON1/LON2/DLON/H
   11   12   13   13   14   14   14   15   16   16   17   17   17   16   16   15
   15   14   14   15   15   14   14   14   15   17   20   23   25   29   32   35
   38   40   43   45   48   50   52   54   56   58   59   59   58   56   54   52
   49   47   45   43   42   40   39   37   35   32   29   27   26   26   25   24
   23   20   18   15   12   11   10   10   11
    35.0-180.0 180.0   5.0 450.0                            LAT/LON1/LON2/DLON/H
   9   10   10   11   12   12   12   13   15   16   17   17   17   16   16   15
   15   15   15   16   16   16   16   16   16   18   20   23   26   29   32   35
   38   40   43   46   49   53   56   58   61   62   63   64   63   61   59   57
   55   53   51   50   48   47   46   45   42   38   34   31   29   28   27   26
   24   22   19   16   13   11   10   9   9
    32.5-180.0 180.0   5.0 450.0                            LAT/LON1/LON2/DLON/H
   9   9   8   9   9   9   10   11   12   14   15   16   16   16   15   14
   14   14   15   16   17   17   17   17   17   19   21   24   27   30   33   35
   38   41   44   48   52   56   60   63   65   67   69   69   69   67   66   64
   63   62   61   60   59   59   58   56   53   49   43   39   35   33   32   30
   29   26   23   19   16   13   11   10   9
    30.0-180.0 180.0   5.0 450.0                            LAT/LON1/LON2/DLON/H
   11   10   8   8   7   6   6   7   9   11   13   15   15   15   14   13
   13   14   15   16   17   18   18   18   18   20   22   25   28   31   34   36
   39   42   46   50   55   60   64   67   70   73   74   75   75   75   74   74
   74   74   75   75   74   73   73   71   67   62   56   50   45   42   40   38
   37   34   30   26   22   18   15   12   11
    27.5-180.0 180.0   5.0 450.0                            LAT/LON1/LON2/DLON/H
   16   14   12   9   7   6   5   5   6   8   11   12   13   13   12   12
   12   12   14   16   18   19   18   18   19   21   23   26   28   32   35   38
   41   44   48   53   59   64   69   72   75   78   80   81   82   83   83   85
   86   89   90   91   91   90   88   86   82   77   70   63   57   53   50   49
   47   45   41   36   31   26   22   19   16
    25.0-180.0 180.0   5.0 450.0                            LAT/LON1/LON2/DLON/H
   25   22   18   15   11   7   5   4   4   6   8   10   11   11   11   11
   11   11   13   15   17   19   19   19   20   22   24   27   29   33   37   40
   43   47   51   57   63   68   72   76   79   81   84   86   88   90   92   95
   98   102   105   105   105   104   102   100   96   91   84   77   70   65   62   60
   59   57   53   48   42   38   33   29   25
    22.5-180.0 180.0   5.0 450.0                            LAT/LON1/LON2/DLON/H
   37   33   28   24   18   12   8   5   4   5   6   7   9   9   10   10
   10   11   12   15   17   19   19   19   21   23   25   27   30   35   39   43
   46   50   54   60   66   71   75   78   81   84   87   89   92   95   99   103
   107   111   114   115   114   113   111   109   105   101   95   88   82   76   73   71
   70   68   64   59   54   49   45   41   37
    20.0-180.0 180.0   5.0 450.0                            LAT/LON1/LON2/DLON/H
   48   44   40   34   28   20   13   8   6   6   6   6   7   8   9   9
   10   11   12   15   17   18   19   20   21   24   26   28   31   36   41   46
   50   53   58   63   68   73   76   79   82   85   88   92   95   98   102   107
   111   115   118   118   117   115   113   111   109   106   101   96   90   85   80   78
   77   75   72   68   63   59   55   51   48
    17.5-180.0 180.0   5.0 450.0                            LAT/LON1/LON2/DLON/H
   57   54   51   45   38   30   21   14   10   8   6   5   6   7   8   9
   9   11   12   15   17   18   18   19   22   24   26   28   32   38   44   49
   53   57   61   65   70   73   77   80   83   86   89   93   96   100   103   107
   110   113   114   113   111   110   108   107   106   105   103   100   95   89   85   82
   79   77   74   71   68   65   62   60   57
    15.0-180.0 180.0   5.0 450.0                            LAT/LON1/LON2/DLON/H
   62   61   58   54   47   38   29   21   15   11   8   6   5   6   7   8
   9   10   12   14   16   17   18   19   22   25   27   29   33   40   47   52
   56   60   63   67   70   73   77   80   83   87   90   94   97   99   101   103
   105   105   105   103   101   100   100   100   101   101   101   100   96   90   85   81
   78   75   73   71   69   67   65   63   62
    12.5-180.0 180.0   5.0 450.0                            LAT/LON1/LON2/DLON/H
   62   62   61   59   53   45   35   26   20   15   11   8   6   6   7   8
   9   10   12   14   15   16   17   18   22   25   28   31   35   42   49   55
   60   63   65   68   71   74   77   80   84   88   92   95   97   99   99   98
   98   97   94   92   90   90   91   92   94   96   97   97   94   89   83   78
   74   70   68   67   66   64   63   62   62
    10.0-180.0 180.0   5.0 450.0                            LAT/LON1/LON2/DLON/H
   59   60   60   59   54   47   39   31   24   19   15   11   8   6   7   7
   8   9   11   13   15   15   16   18   22   27   31   34   38   45   52   58
   63   66   68   70   72   75   78   82   86   90   94   96   98   98   96   94
   92   89   86   83   83   84   86   88   90   92   94   94   91   86   80   73
   68   64   62   61   61   60   59   58   59
     7.5-180.0 180.0   5.0 450.0                            LAT/LON1/LON2/DLON/H
   54   56   56   55   52   46   39   33   28   23   18   14   10   8   7   7
   8   9   10   12   14   15   16   18   23   29   33   37   42   48   55   61
   65   68   70   72   74   77   80   84   88   92   95   98   99   98   96   93
   90   87   83   81   81   83   86   87   89   90   92   92   89   83   76   69
   63   59   57   57   57   56   55   54   54
     5.0-180.0 180.0   5.0 450.0                            LAT/LON1/LON2/DLON/H
   51   52   52   51   47   43   38   34   30   26   22   17   13   10   9   8
   8   8   9   11   13   14   15   19   25   31   37   41   46   52   58   63
   67   70   72   75   77   80   84   87   91   94   97   99   101   100   97   95
   92   89   86   84   85   87   90   92   92   91   92   91   88   82   74   66
   59   55   54   55   55   54   52   51   51
     2.5-180.0 180.0   5.0 450.0                            LAT/LON1/LON2/DLON/H
   51   51   50   47   44   40   37   33   30   27   24   20   16   13   11   9
   7   7   8   10   12   13   15   19   26   34   40   45   49   55   60   64
   68   71   74   78   81   83   86   89   92   94   97   100   102   102   100   99
   97   95   93   92   93   96   99   99   97   95   94   92   88   81   73   65
   58   54   54   55   56   55   53   52   51
     0.0-180.0 180.0   5.0 450.0                            LAT/LON1/LON2/DLON/H
   54   54   51   47   42   39   36   34   31   29   26   23   19   16   13   10
   8   6   7   9   11   12   14   19   27   35   42   47   52   56   60   64
   68   72   76   80   83   86   88   89   91   92   95   98   101   103   103   103
   103   103   102   102   103   106   107   107   103   99   96   93   88   81   73   65
