gLAB/files/disturbance/27_10_2014/dmd_euv72hg3000.14i
     1.0            IONOSPHERE MAPS     GNSS                IONEX VERSION / TYPE
IONINX V5.3         AIUB                27-OCT-14 07:49     PGM / RUN BY / DATE 
CODE'S 1-DAY PREDICTED IONOSPHERE MAPS FOR DAY 300, 2014    COMMENT             
Global ionosphere maps (GIM) are generated on a daily basis DESCRIPTION         
at CODE using data from about 150 GPS sites of the IGS and  DESCRIPTION         
other institutions. The vertical total electron content     DESCRIPTION         
(VTEC) is modeled in a solar-geomagnetic reference frame    DESCRIPTION         
using a spherical harmonics expansion up to degree and      DESCRIPTION         
order 15. Piece-wise linear functions are used for          DESCRIPTION         
representation in the time domain. The time spacing of      DESCRIPTION         
their vertices is 2 hours, conforming with the epochs of    DESCRIPTION         
the VTEC maps. Instrumental biases, so-called differential  DESCRIPTION         
P1-P2 code biases (DCB), for all GPS satellites and ground  DESCRIPTION         
stations are estimated as constant values for each day,     DESCRIPTION         
simultaneously with the 13 times 256, or 3328 parameters    DESCRIPTION         
used to represent the global VTEC distribution. The DCB     DESCRIPTION         
datum is defined by a zero-mean condition imposed on the    DESCRIPTION         
satellite bias estimates. P1-C1 bias corrections are taken  DESCRIPTION         
into account if needed. To convert line-of-sight TEC into   DESCRIPTION         
vertical TEC, a modified single-layer model mapping         DESCRIPTION         
function approximating the JPL extended slab model mapping  DESCRIPTION         
function is adopted. The mapping function is evaluated at   DESCRIPTION         
geodetic satellite elevation angles. For the computation of DESCRIPTION         
the ionospheric pierce points, a spherical layer with a     DESCRIPTION         
radius of 6821 km is assumed, implying geocentric, not      DESCRIPTION         
geodetic IONEX latitudes.                                   DESCRIPTION         
Contact address: stefan.schaer or code @aiub.unibe.ch       DESCRIPTION         
Web page:        www.aiub.unibe.ch/content/ionosphere/      DESCRIPTION         
Data archive:    ftp.unibe.ch/aiub/CODE/                    DESCRIPTION         
  2014    10    27     0     0     0                        EPOCH OF FIRST MAP  
  2014    10    28     0     0     0                        EPOCH OF LAST MAP   
  7200                                                      INTERVAL            
    13                                                      # OF MAPS IN FILE   
  NONE                                                      MAPPING FUNCTION    
    10.0                                                    ELEVATION CUTOFF    
One-way carrier phase leveled to code                       OBSERVABLES USED    
  6371.0                                                    BASE RADIUS         
     2                                                      MAP DIMENSION       
   450.0 450.0   0.0                                        HGT1 / HGT2 / DHGT  
    87.5 -87.5  -2.5                                        LAT1 / LAT2 / DLAT  
  -180.0 180.0   5.0                                        LON1 / LON2 / DLON  
    -1                                                      EXPONENT            
TEC/RMS values in 0.1 TECU; 9999, if no value available     COMMENT             
                                                            END OF HEADER       
[from data line 1716]
     5                                                      START OF TEC MAP    
  2014    10    27     8     0     0                        EPOCH OF CURRENT MAP
    87.5-180.0 180.0   5.0 450.0                            LAT/LON1/LON2/DLON/H
   10   10   11   11   11   11   11   11   11   11   11   12   12   12   12   12
   12   12   12   12   12   12   12   12   13   13   13   13   13   13   13   13
   14   14   14   14   14   14   14   14   14   14   14   14   14   14   14   14
   14   14   13   13   13   13   12   12   12   12   11   11   11   11   11   11
   10   10   10   10   10   10   10   10   10
    85.0-180.0 180.0   5.0 450.0                            LAT/LON1/LON2/DLON/H
   9   9   9   10   10   10   11   11   11   11   11   12   12   12   12   12
   12   12   12   12   12   12   12   12   12   12   12   12   13   13   13   14
   14   14   15   15   16   16   16   16   17   17   17   17   17   17   17   16
   16   16   15   15   14   14   13   13   12   11   11   10   10   9   9   9
   8   8   8   8   8   8   8   8   9
    82.5-180.0 180.0   5.0 450.0                            LAT/LON1/LON2/DLON/H
   7   7   8   9   9   10   11   11   11   12   12   12   12   12   12   12
   11   11   11   11   10   10   10   10   11   11   11   11   12   13   13   14
   14   15   16   16   17   18   18   19   19   19   20   20   20   20   20   20
   19   19   18   18   17   16   15   14   13   12   11   10   9   8   7   7
   6   6   6   5   5   6   6   6   7
    80.0-180.0 180.0   5.0 450.0                            LAT/LON1/LON2/DLON/H
   5   6   7   8   9   10   11   12   12   13   13   13   13   12   12   11
   11   10   10   9   9   9   8   9   9   9   10   10   11   12   13   13
   14   15   16   17   18   19   20   20   21   22   22   23   23   23   23   23
   23   23   22   21   20   19   18   17   15   14   12   11   10   8   7   6
   5   5   4   4   4   4   4   5   5
    77.5-180.0 180.0   5.0 450.0                            LAT/LON1/LON2/DLON/H
   4   5   6   8   9   10   11   12   13   13   14   13   13   13   12   11
   10   9   9   8   7   7   7   7   7   8   9   9   10   11   12   13
   14   15   16   17   18   19   21   22   23   23   24   25   26   26   27   27
   27   26   26   25   24   23   22   20   19   17   15   14   12   10   9   7
   6   5   4   3   3   3   3   4   4
    75.0-180.0 180.0   5.0 450.0                            LAT/LON1/LON2/DLON/H
   4   5   6   7   9   10   11   13   13   14   14   14   14   13   12   11
   10   9   8   7   6   6   6   6   7   7   8   9   10   11   12   13
   14   15   16   17   19   20   21   22   23   25   26   27   28   29   29   30
   30   30   29   29   28   27   26   24   23   21   19   17   15   13   12   10
   8   6   5   4   4   3   3   3   4
    72.5-180.0 180.0   5.0 450.0                            LAT/LON1/LON2/DLON/H
   4   5   6   7   8   10   11   13   14   14   15   15   14   13   12   11
   10   9   8   7   6   6   6   6   7   7   9   9   10   11   12   13
   14   15   16   17   18   20   21   22   24   25   27   28   29   30   31   32
   32   32   32   32   31   30   29   28   27   25   23   22   20   17   15   13
   11   9   8   6   5   4   4   4   4
    70.0-180.0 180.0   5.0 450.0                            LAT/LON1/LON2/DLON/H
   5   5   6   6   8   9   11   12   13   14   15   15   15   14   13   12
   10   9   8   7   7   6   6   7   8   8   9   10   11   12   12   13
   14   15   15   16   18   19   21   22   24   25   27   28   30   31   32   33
   33   34   34   34   33   32   32   31   30   28   27   25   23   21   19   17
   15   13   11   9   7   6   5   5   5
    67.5-180.0 180.0   5.0 450.0                            LAT/LON1/LON2/DLON/H
   5   5   5   6   7   8   10   11   13   14   15   15   15   14   13   12
   11   10   9   8   7   7   7   7   8   9   10   10   11   11   12   12
   13   14   15   16   17   19   20   22   24   25   27   29   30   31   32   33
   34   34   34   34   34   33   33   32   31   30   29   27   26   24   22   20
   18   15   13   11   9   8   6   6   5
    65.0-180.0 180.0   5.0 450.0                            LAT/LON1/LON2/DLON/H
   5   4   4   5   5   7   8   10   12   13   14   15   15   15   14   13
   12   10   9   8   8   7   7   8   9   9   10   10   11   11   11   12
   12   13   14   16   17   19   21   22   24   26   27   29   31   32   33   34
   34   34   34   34   33   33   32   31   31   30   29   28   27   25   24   22
   20   17   15   13   11   9   7   6   5
    62.5-180.0 180.0   5.0 450.0                            LAT/LON1/LON2/DLON/H
   5   4   4   4   4   5   7   8   10   12   13   14   14   14   14   13
   12   11   9   8   8   7   7   8   8   9   9   10   10   10   10   11
   11   12   14   16   18   20   22   24   25   27   29   30   31   33   34   34
   35   35   34   34   33   32   31   30   30   29   28   28   27   26   24   22
   20   18   16   14   11   10   8   6   5
    60.0-180.0 180.0   5.0 450.0                            LAT/LON1/LON2/DLON/H
   5   4   3   3   3   4   5   7   8   10   12   13   14   14   13   13
   12   10   9   8   7   7   6   7   7   8   9   9   9   9   9   10
   11   13   15   17   19   22   24   26   27   29   30   32   33   34   35   36
   36   36   35   34   33   32   31   30   29   28   27   27   26   25   24   22
   20   18   16   13   11   10   8   7   5
    57.5-180.0 180.0   5.0 450.0                            LAT/LON1/LON2/DLON/H
   6   5   4   3   3   3   4   5   7   9   11   12   13   13   13   12
   11   10   9   8   6   6   5   6   6   7   8   8   8   8   8   9
   11   13   16   19   22   24   26   28   30   31   33   34   36   37   37   38
   38   37   36   35   34   32   31   30   29   28   27   26   25   25   24   22
   20   18   15   13   11   9   8   7   6
    55.0-180.0 180.0   5.0 450.0                            LAT/LON1/LON2/DLON/H
   7   6   5   5   4   4   4   5   6   8   9   11   11   11   11   11
   10   9   8   7   6   5   4   5   5   6   7   7   7   7   8   9
   12   15   18   21   24   27   29   30   32   34   35   37   38   39   40   40
   40   40   39   37   36   34   33   31   30   29   27   27   26   25   24   23
   21   18   16   13   11   9   8   7   7
    52.5-180.0 180.0   5.0 450.0                            LAT/LON1/LON2/DLON/H
   8   8   8   7   6   6   5   6   6   7   9   10   10   10   10   10
   10   9   8   7   6   5   4   4   5   6   7   7   7   8   9   10
   13   17   20   24   27   29   31   33   35   37   38   40   41   42   43   43
   43   42   41   40   38   37   35   33   32   30   29   28   27   27   26   24
   22   20   17   14   12   10   9   9   8
    50.0-180.0 180.0   5.0 450.0                            LAT/LON1/LON2/DLON/H
   11   11   11   10   9   8   8   7   7   8   9   9   10   10   10   10
   10   9   8   7   6   5   5   5   5   6   7   8   8   8   10   12
   15   19   23   26   29   31   33   35   37   39   40   42   44   45   45   46
   45   45   44   43   41   40   38   36   34   32   31   30   29   29   28   27
   25   22   19   16   14   12   11   10   11
    47.5-180.0 180.0   5.0 450.0                            LAT/LON1/LON2/DLON/H
   13   13   14   14   13   12   10   10   9   9   9   9   9   10   10   10
   10   10   9   9   8   7   6   6   7   8   8   9   9   10   11   14
   17   21   25   28   31   33   34   36   38   40   43   44   46   47   48   48
   48   47   46   45   43   42   40   38   36   34   32   31   31   30   30   29
   27   25   22   19   16   14   13   13   13
    45.0-180.0 180.0   5.0 450.0                            LAT/LON1/LON2/DLON/H
   15   16   16   16   16   15   14   12   11   10   10   10   10   10   10   10
   10   11   11   11   10   9   9   9   9   10   10   10   10   11   12   15
   19   23   27   30   32   34   36   38   40   42   44   46   48   49   50   50
   49   48   47   46   45   43   41   39   36   34   33   32   32   32   32   31
   30   28   25   22   19   16   15   15   15
    42.5-180.0 180.0   5.0 450.0                            LAT/LON1/LON2/DLON/H
   16   17   17   18   18   17   16   14   13   12   12   11   11   11   11   11
   12   12   12   13   12   12   11   11   11   12   11   11   11   12   13   16
   19   24   28   31   33   35   37   39   41   43   46   48   50   51   51   51
   51   49   48   47   45   43   41   39   37   35   33   33   32   33   33   33
   32   30   27   24   21   18   16   16   16
    40.0-180.0 180.0   5.0 450.0                            LAT/LON1/LON2/DLON/H
   16   16   17   17   18   18   17   16   15   13   13   12   12   12   12   12
   13   13   14   14   14   14   14   13   13   13   12   12   12   12   14   16
   20   24   28   32   35   37   39   41   43   45   48   50   52   53   54   53
   52   51   49   47   45   44   42   39   37   35   34   33   33   33   33   33
   32   31   29   26   22   19   17   16   16
    37.5-180.0 180.0   5.0 450.0                            LAT/LON1/LON2/DLON/H
   14   14   14   15   16   17   17   16   15   14   13   13   13   13   13   13
   14   14   15   16   16   16   15   15   14   14   13   12   11   12   13   16
   19   24   28   33   36   40   42   44   46   48   50   53   55   56   56   55
   54   53   51   49   48   46   44   42   40   38   37   36   36   35   35   34
   33   31   29   27   23   19   17   15   14
    35.0-180.0 180.0   5.0 450.0                            LAT/LON1/LON2/DLON/H
   12   11   11   12   13   15   15   15   14   13   13   14   14   14   14   14
   15   15   16   16   16   16   16   15   15   14   12   11   11   11   12   15
   19   23   29   34   38   42   45   47   49   51   54   56   58   59   59   58
   57   56   55   54   53   52   50   48   47   45   43   42   41   40   38   36
   34   32   30   27   24   20   16   13   12
    32.5-180.0 180.0   5.0 450.0                            LAT/LON1/LON2/DLON/H
   11   9   8   8   10   11   12   12   12   12   12   13   14   14   14   15
   15   16   16   16   16   16   15   15   14   13   12   10   9   10   11   14
   18   23   29   35   41   46   49   51   52   55   58   60   62   63   63   62
   62   62   62   62   62   62   61   60   58   56   54   52   50   47   44   40
   37   34   32   29   26   21   17   13   11
    30.0-180.0 180.0   5.0 450.0                            LAT/LON1/LON2/DLON/H
   12   9   7   6   7   8   9   9   9   10   10   12   12   13   14   14
   15   16   16   16   15   14   14   13   13   12   11   10   9   9   11   14
   18   23   30   37   44   49   52   54   56   58   61   64   66   67   67   68
   68   70   71   73   75   75   75   74   73   71   68   65   62   58   53   48
   43   40   37   34   29   25   20   16   12
    27.5-180.0 180.0   5.0 450.0                            LAT/LON1/LON2/DLON/H
   18   14   10   8   7   7   7   6   6   7   8   10   11   12   13   14
   15   15   15   15   14   13   12   12   12   11   10   9   8   9   11   14
   18   24   31   39   46   51   55   57   59   62   65   68   70   71   72   73
   76   79   82   86   88   90   91   90   88   86   83   80   76   71   65   58
   52   47   44   40   36   32   27   22   18
    25.0-180.0 180.0   5.0 450.0                            LAT/LON1/LON2/DLON/H
   28   23   17   13   11   9   7   5   5   5   6   8   9   10   11   13
   14   14   14   14   13   12   12   11   12   11   11   9   9   9   12   15
   20   26   33   41   48   53   56   59   61   64   68   71   73   75   76   79
   83   87   92   97   101   104   104   104   102   100   97   93   89   84   77   70
   63   57   53   49   45   41   37   33   28
    22.5-180.0 180.0   5.0 450.0                            LAT/LON1/LON2/DLON/H
   41   35   29   23   18   15   11   8   5   5   5   6   7   8   10   11
   12   13   13   13   13   12   12   12   12   12   11   10   10   11   13   17
   21   27   34   42   49   54   57   59   62   66   70   74   76   78   81   85
   89   94   100   105   109   112   113   112   110   108   106   103   99   95   88   81
   74   68   64   60   55   52   49   46   41
    20.0-180.0 180.0   5.0 450.0                            LAT/LON1/LON2/DLON/H
   55   49   43   36   30   24   19   13   9   7   7   7   6   7   8   9
   10   11   12   13   13   12   12   13   13   13   13   12   12   13   15   19
   23   29   36   43   49   54   56   59   62   67   72   76   79   81   84   88
   94   98   103   108   112   114   114   113   112   110   109   107   105   101   96   90
   84   79   74   70   66   63   61   59   55
    17.5-180.0 180.0   5.0 450.0                            LAT/LON1/LON2/DLON/H
   67   62   56   50   43   37   29   22   16   13   11   9   7   6   7   7
   7   8   10   12   13   13   13   14   15   15   14   14   14   15   17   21
   25   31   37   43   49   52   55   58   62   67   73   77   81   83   86   91
   95   99   102   105   107   109   109   108   107   106   106   106   106   104   101   97
   93   88   83   78   73   71   70   69   67
    15.0-180.0 180.0   5.0 450.0                            LAT/LON1/LON2/DLON/H
   74   71   66   61   55   48   41   33   26   21   17   13   10   7   7   6
   5   6   8   10   12   13   14   15   16   17   16   15   15   17   19   23
   27   32   37   43   48   52   55   58   63   69   74   79   82   85   88   92
   95   97   98   99   100   100   100   99   98   99   101   102   103   103   102   101
   98   95   90   84   79   75   74   75   74
    12.5-180.0 180.0   5.0 450.0                            LAT/LON1/LON2/DLON/H
   75   73   70   67   63   58   51   43   36   30   25   20   14   10   8   6
   4   4   6   9   11   13   15   16   18   18   17   16   17   18   21   25
   29   33   38   43   47   51   55   59   64   70   76   81   84   86   89   92
   93   93   92   91   91   92   91   90   90   91   94   98   100   101   101   102
   101   98   94   87   81   76   75   75   75
    10.0-180.0 180.0   5.0 450.0                            LAT/LON1/LON2/DLON/H
   71   70   69   67   66   63   58   51   45   39   33   27   20   14   10   7
   5   4   5   8   10   12   14   17   18   19   18   17   18   19   22   27
   31   35   39   43   48   52   56   61   66   72   77   82   85   87   89   91
   92   90   88   86   85   86   86   85   85   87   91   94   97   98   100   101
   101   99   95   88   80   74   71   71   71
     7.5-180.0 180.0   5.0 450.0                            LAT/LON1/LON2/DLON/H
   65   65   64   64   64   63   60   56   51   46   41   33   26   19   14   10
   7   5   5   7   9   11   14   17   19   20   19   18   19   21   24   29
   33   37   40   44   49   53   58   63   68   74   78   82   85   87   90   91
   91   89   86   85   84   85   85   85   85   87   91   94   96   97   98   99
   99   98   93   86   78   71   67   65   65
     5.0-180.0 180.0   5.0 450.0                            LAT/LON1/LON2/DLON/H
   59   59   58   58   60   61   60   58   54   50   45   39   31   24   18   14
   10   7   6   7   9   11   13   16   19   20   20   19   20   22   26   31
   35   39   42   46   51   56   61   66   70   75   78   82   84   87   89   91
   91   90   88   87   88   90   90   90   90   91   94   97   97   97   97   96
   96   94   90   84   76   68   63   60   59
     2.5-180.0 180.0   5.0 450.0                            LAT/LON1/LON2/DLON/H
   57   56   54   54   56   58   58   57   55   52   48   42   35   28   23   18
   14   11   9   8   9   11   13   16   20   21   21   21   21   24   28   32
   37   40   44   48   53   59   63   67   71   74   77   80   82   85   88   91
   92   92   91   93   95   97   98   98   98   98   100   101   100   98   96   94
   92   90   87   81   74   66   60   58   57
     0.0-180.0 180.0   5.0 450.0                            LAT/LON1/LON2/DLON/H
   57   56   54   53   54   56   57   56   54   52   48   43   37   31   27   23
   19   15   12   10   10   12   14   17   21   23   23   22   23   26   30   34
   38   42   45   50   55   61   65   68   70   72   74   77   79   83   87   91
   93   94   96   99   103   105   106   106   106   106   106   105   102   98   94   90
