gLAB/files/disturbance/27_10_2014/dmd_euv72hg3000.14i
     1.0            IONOSPHERE MAPS     GNSS                IONEX VERSION / TYPE
IONINX V5.3         AIUB                27-OCT-14 07:49     PGM / RUN BY / DATE 
CODE'S 1-DAY PREDICTED IONOSPHERE MAPS FOR DAY 300, 2014    COMMENT             
Global ionosphere maps (GIM) are generated on a daily basis DESCRIPTION         
at CODE using data from about 150 GPS sites of the IGS and  DESCRIPTION         
other institutions. The vertical total electron content     DESCRIPTION         
(VTEC) is modeled in a solar-geomagnetic reference frame    DESCRIPTION         
using a spherical harmonics expansion up to degree and      DESCRIPTION         
order 15. Piece-wise linear functions are used for          DESCRIPTION         
representation in the time domain. The time spacing of      DESCRIPTION         
their vertices is 2 hours, conforming with the epochs of    DESCRIPTION         
the VTEC maps. Instrumental biases, so-called differential  DESCRIPTION         
P1-P2 code biases (DCB), for all GPS satellites and ground  DESCRIPTION         
stations are estimated as constant values for each day,     DESCRIPTION         
simultaneously with the 13 times 256, or 3328 parameters    DESCRIPTION         
used to represent the global VTEC distribution. The DCB     DESCRIPTION         
datum is defined by a zero-mean condition imposed on the    DESCRIPTION         
satellite bias estimates. P1-C1 bias corrections are taken  DESCRIPTION         
into account if needed. To convert line-of-sight TEC into   DESCRIPTION         
vertical TEC, a modified single-layer model mapping         DESCRIPTION         
function approximating the JPL extended slab model mapping  DESCRIPTION         
function is adopted. The mapping function is evaluated at   DESCRIPTION         
geodetic satellite elevation angles. For the computation of DESCRIPTION         
the ionospheric pierce points, a spherical layer with a     DESCRIPTION         
radius of 6821 km is assumed, implying geocentric, not      DESCRIPTION         
geodetic IONEX latitudes.                                   DESCRIPTION         
Contact address: stefan.schaer or code @aiub.unibe.ch       DESCRIPTION         
Web page:        www.aiub.unibe.ch/content/ionosphere/      DESCRIPTION         
Data archive:    ftp.unibe.ch/aiub/CODE/                    DESCRIPTION         
  2014    10    27     0     0     0                        EPOCH OF FIRST MAP  
  2014    10    28     0     0     0                        EPOCH OF LAST MAP   
  7200                                                      INTERVAL            
    13                                                      # OF MAPS IN FILE   
  NONE                                                      MAPPING FUNCTION    
    10.0                                                    ELEVATION CUTOFF    
One-way carrier phase leveled to code                       OBSERVABLES USED    
  6371.0                                                    BASE RADIUS         
     2                                                      MAP DIMENSION       
   450.0 450.0   0.0                                        HGT1 / HGT2 / DHGT  
    87.5 -87.5  -2.5                                        LAT1 / LAT2 / DLAT  
  -180.0 180.0   5.0                                        LON1 / LON2 / DLON  
    -1                                                      EXPONENT            
TEC/RMS values in 0.1 TECU; 9999, if no value available     COMMENT             
                                                            END OF HEADER       
     1                                                      START OF TEC MAP    
  2014    10    27     0     0     0                        EPOCH OF CURRENT MAP
    87.5-180.0 180.0   5.0 450.0                            LAT/LON1/LON2/DLON/H
   16   16   16   16   16   16   16   16   17   17   17   17   17   16   16   16
   16   16   16   16   15   15   15   15   14   14   14   14   13   13   13   13
   13   12   12   12   12   12   12   12   12   11   11   11   12   12   12   12
   12   12   12   12   12   12   12   13   13   13   13   13   13   14   14   14
   14   14   15   15   15   15   15   15   16
    85.0-180.0 180.0   5.0 450.0                            LAT/LON1/LON2/DLON/H
   17   17   18   18   18   18   19   19   19   19   19   19   19   19   19   18
   18   18   18   17   17   16   16   15   15   14   14   13   13   12   12   12
   11   11   11   10   10   10   10   10   9   10   9   9   10   10   10   10
   10   10   10   10   10   11   11   11   11   12   12   12   13   13   13   14
   14   14   15   15   15   16   16   16   17
    82.5-180.0 180.0   5.0 450.0                            LAT/LON1/LON2/DLON/H
   17   18   18   19   19   20   20   21   21   21   21   21   21   21   21   20
   20   19   19   18   18   17   16   15   15   14   13   13   12   11   11   10
   10   9   9   9   8   8   8   8   8   8   8   8   8   8   8   8
   9   9   9   9   9   10   10   10   10   11   11   12   12   12   13   13
   14   14   15   15   16   16   17   17   17
    80.0-180.0 180.0   5.0 450.0                            LAT/LON1/LON2/DLON/H
   18   18   19   20   20   21   21   22   22   23   23   23   23   22   22   22
   21   20   19   19   18   17   16   15   14   14   13   12   11   11   10   9
   9   8   8   8   8   7   7   7   7   7   7   8   8   8   8   8
   8   8   8   8   9   9   9   9   10   10   11   11   11   12   12   13
   13   14   14   15   16   16   17   17   18
    77.5-180.0 180.0   5.0 450.0                            LAT/LON1/LON2/DLON/H
   18   19   20   20   21   22   22   23   23   24   24   24   24   23   22   22
   21   20   19   18   17   16   15   15   14   13   12   11   11   10   9   9
   8   8   8   7   7   7   7   7   7   7   7   7   7   8   8   8
   8   8   8   8   8   8   8   9   9   10   10   11   11   12   12   13
   13   14   15   15   16   16   17   17   18
    75.0-180.0 180.0   5.0 450.0                            LAT/LON1/LON2/DLON/H
   19   19   20   21   22   22   23   24   24   25   25   24   24   23   22   21
   20   19   18   17   16   15   14   13   13   12   12   11   10   10   9   9
   8   8   7   7   7   7   7   7   7   7   7   7   7   7   7   7
   7   7   7   7   8   8   8   8   9   9   10   10   11   12   12   13
   13   14   15   16   16   17   17   18   19
    72.5-180.0 180.0   5.0 450.0                            LAT/LON1/LON2/DLON/H
   20   20   21   22   22   23   24   25   25   25   25   24   24   22   21   20
   18   17   15   14   14   13   12   12   12   11   11   11   10   10   9   9
   8   8   7   7   7   7   7   7   7   7   7   7   7   7   7   7
   7   7   7   7   7   7   8   8   9   9   10   10   11   12   12   13
   14   15   16   16   17   18   18   19   20
    70.0-180.0 180.0   5.0 450.0                            LAT/LON1/LON2/DLON/H
   21   21   22   23   23   24   25   25   26   26   25   24   23   22   20   18
   17   15   13   12   11   11   11   10   10   10   10   10   10   9   9   9
   8   8   7   7   7   7   7   7   7   7   7   7   7   7   7   7
   7   7   7   7   7   7   8   8   9   9   10   11   11   12   13   14
   15   16   17   18   18   19   20   21   21
    67.5-180.0 180.0   5.0 450.0                            LAT/LON1/LON2/DLON/H
   23   23   23   23   24   24   25   26   26   26   25   25   23   22   20   17
   15   13   12   11   10   10   10   10   9   9   9   9   9   9   9   8
   8   7   7   7   6   6   6   6   6   7   7   7   7   7   7   7
   7   7   6   7   7   7   8   8   9   10   10   11   12   13   13   15
   16   17   18   19   20   21   22   22   23
    65.0-180.0 180.0   5.0 450.0                            LAT/LON1/LON2/DLON/H
   24   24   24   24   24   25   25   26   26   26   26   25   24   22   20   17
   15   13   12   11   10   9   9   9   9   9   9   9   8   8   8   8
   7   7   6   6   6   6   6   6   6   6   7   7   7   7   7   7
   6   6   6   6   7   7   8   9   9   10   11   12   12   13   14   15
   17   18   19   21   22   23   24   24   24
    62.5-180.0 180.0   5.0 450.0                            LAT/LON1/LON2/DLON/H
   26   26   26   25   25   25   25   26   26   26   26   25   24   23   21   19
   16   14   13   12   11   10   10   10   9   9   9   8   8   8   7   7
   6   6   5   5   5   5   5   5   6   6   6   7   7   7   7   7
   6   6   6   7   7   8   9   9   10   11   12   13   13   14   15   17
   18   20   21   23   24   25   26   26   26
    60.0-180.0 180.0   5.0 450.0                            LAT/LON1/LON2/DLON/H
   29   28   27   27   26   26   25   26   26   26   26   26   26   25   23   21
   19   17   15   14   13   12   11   11   10   9   9   8   8   7   7   6
   6   5   5   4   4   4   5   5   6   6   7   7   8   8   7   7
   7   7   7   7   7   8   9   10   11   12   13   14   15   16   17   19
   20   22   23   25   27   28   29   29   29
    57.5-180.0 180.0   5.0 450.0                            LAT/LON1/LON2/DLON/H
   32   31   30   29   28   27   26   26   27   27   27   27   27   27   25   24
   22   20   18   17   15   14   13   12   11   10   9   8   8   7   7   6
   6   5   5   4   4   5   5   6   6   7   8   8   9   9   8   8
   7   7   7   7   8   9   10   12   13   14   14   15   17   18   19   21
   23   25   26   28   30   31   32   32   32
    55.0-180.0 180.0   5.0 450.0                            LAT/LON1/LON2/DLON/H
   35   35   33   32   30   29   28   28   28   28   29   29   29   29   28   27
   25   23   22   20   18   16   15   13   11   10   10   9   9   8   8   7
   7   6   5   5   5   5   6   7   8   9   9   10   10   10   10   9
   8   8   8   8   9   10   11   13   14   15   16   17   19   20   22   24
   26   28   30   32   34   35   36   36   35
    52.5-180.0 180.0   5.0 450.0                            LAT/LON1/LON2/DLON/H
   40   39   37   36   34   33   31   30   30   30   30   31   31   31   31   30
   28   26   24   22   20   18   16   14   13   11   11   10   10   10   9   9
   8   7   6   6   6   7   7   8   9   10   11   11   11   11   11   10
   9   9   9   9   10   11   13   14   16   17   18   20   22   23   26   28
   30   32   35   37   38   40   40   40   40
    50.0-180.0 180.0   5.0 450.0                            LAT/LON1/LON2/DLON/H
   44   43   42   40   39   37   35   34   33   33   33   33   33   33   33   32
   31   28   26   23   21   19   17   15   14   13   12   12   12   12   11   10
   9   9   8   8   8   8   9   10   10   11   12   13   13   13   12   12
   11   10   10   11   11   13   14   16   18   19   21   22   24   27   29   32
   34   36   39   41   43   44   45   45   44
    47.5-180.0 180.0   5.0 450.0                            LAT/LON1/LON2/DLON/H
   48   47   46   45   43   41   40   38   37   36   36   35   35   35   34   33
   32   29   27   24   21   19   17   16   15   14   13   13   13   13   13   12
   11   10   9   9   9   9   10   10   11   12   13   14   14   14   14   13
   13   12   12   12   13   14   16   18   19   21   23   25   27   30   32   35
   38   40   43   46   48   49   49   49   48
    45.0-180.0 180.0   5.0 450.0                            LAT/LON1/LON2/DLON/H
   52   51   50   49   48   46   44   42   41   40   39   38   37   36   35   34
   32   29   26   24   21   19   18   16   15   15   14   14   14   14   13   12
   11   11   10   10   9   10   10   10   11   12   13   14   14   15   15   14
   14   14   14   14   15   16   18   19   21   23   25   27   30   32   35   37
   40   43   46   49   51   52   53   52   52
    42.5-180.0 180.0   5.0 450.0                            LAT/LON1/LON2/DLON/H
   53   53   52   52   51   50   48   47   45   44   42   40   38   37   35   33
   31   29   26   23   21   19   18   17   16   15   15   14   14   14   13   12
   12   11   10   10   9   9   9   10   11   12   13   14   15   15   15   16
   16   16   16   16   17   18   19   20   22   24   27   29   32   34   36   39
   41   44   47   50   53   54   54   54   53
    40.0-180.0 180.0   5.0 450.0                            LAT/LON1/LON2/DLON/H
   54   54   54   53   53   52   51   50   48   47   45   43   40   38   36   33
   31   29   26   23   21   20   19   18   17   16   15   14   14   13   13   12
   11   11   10   9   9   8   8   9   10   11   13   14   15   15   16   16
   17   17   18   18   18   19   20   21   23   25   28   31   33   35   37   39
   41   44   47   50   52   54   55   54   54
    37.5-180.0 180.0   5.0 450.0                            LAT/LON1/LON2/DLON/H
   53   53   53   54   54   53   53   52   50   49   47   45   42   39   37   34
   32   29   27   24   22   21   20   18   17   16   15   15   14   14   13   12
   12   11   10   9   8   8   8   8   10   11   13   14   15   15   15   16
   17   18   19   19   19   20   21   22   24   27   29   32   34   36   37   38
   40   42   45   48   51   53   53   53   53
    35.0-180.0 180.0   5.0 450.0                            LAT/LON1/LON2/DLON/H
   52   52   53   53   53   54   53   52   51   50   49   47   44   41   39   36
   33   31   28   26   24   22   21   19   18   16   16   16   15   15   14   14
   13   12   11   10   9   8   8   9   10   12   13   14   14   14   15   16
   17   18   19   20   20   21   22   23   25   28   30   33   35   36   38   38
   40   41   44   47   49   51   52   52   52
    32.5-180.0 180.0   5.0 450.0                            LAT/LON1/LON2/DLON/H
   52   52   52   52   53   53   53   52   52   51   50   49   47   44   41   38
   36   33   30   27   25   23   21   20   18   18   18   18   19   19   18   18
   17   16   14   12   10   9   10   10   12   14   15   15   14   14   14   15
   17   18   19   20   20   21   22   24   27   29   32   34   36   38   39   39
   40   42   44   47   49   51   52   52   52
    30.0-180.0 180.0   5.0 450.0                            LAT/LON1/LON2/DLON/H
   54   53   53   53   53   52   52   52   52   52   52   51   49   47   44   41
   39   36   33   29   26   23   21   20   20   20   21   23   24   25   24   24
   23   21   19   16   13   12   12   13   15   16   16   15   14   13   13   14
   15   17   19   19   20   21   23   25   28   31   34   36   38   40   41   42
   43   45   47   49   51   53   54   54   54
    27.5-180.0 180.0   5.0 450.0                            LAT/LON1/LON2/DLON/H
   58   57   56   55   54   53   53   52   52   52   53   53   51   49   47   44
   41   38   34   30   26   23   21   21   22   24   28   31   33   33   32   32
   30   28   25   21   18   16   16   16   17   18   17   16   14   12   12   13
   14   16   18   19   20   21   24   27   30   33   36   38   41   43   45   46
   48   50   53   55   57   58   59   59   58
    25.0-180.0 180.0   5.0 450.0                            LAT/LON1/LON2/DLON/H
   66   64   62   60   58   56   55   54   53   54   54   55   54   52   49   46
   43   40   35   30   26   23   22   23   26   31   35   40   42   43   42   40
   39   36   32   27   23   20   19   19   19   19   18   16   13   11   11   12
   13   15   17   18   19   21   24   28   31   35   38   41   43   46   49   52
   55   58   61   63   65   66   67   67   66
    22.5-180.0 180.0   5.0 450.0                            LAT/LON1/LON2/DLON/H
   76   73   70   67   64   62   60   57   56   57   57   57   56   54   51   47
   44   40   35   30   26   24   24   28   32   39   45   50   53   52   50   48
   46   43   38   33   28   24   22   21   20   19   17   15   12   11   10   11
   13   15   16   17   18   21   24   28   33   37   40   43   47   51   55   58
   62   66   70   73   75   76   77   77   76
    20.0-180.0 180.0   5.0 450.0                            LAT/LON1/LON2/DLON/H
   86   83   79   76   73   70   67   63   62   61   61   61   59   56   52   49
   45   41   36   31   28   27   29   34   41   48   55   60   61   60   57   54
   52   48   43   37   31   26   23   21   19   17   15   13   12   11   11   11
   13   15   15   16   17   20   24   28   33   38   42   46   50   55   60   65
   70   75   78   82   84   85   87   87   86
    17.5-180.0 180.0   5.0 450.0                            LAT/LON1/LON2/DLON/H
   95   92   88   85   82   80   76   71   68   67   67   65   63   59   54   50
   46   42   37   33   32   33   36   43   50   57   63   67   67   64   60   56
   54   50   45   38   32   27   23   20   17   15   13   12   12   12   12   13
   14   15   15   15   16   19   23   28   33   39   43   48   53   58   64   70
   76   81   85   89   91   93   95   96   95
    15.0-180.0 180.0   5.0 450.0                            LAT/LON1/LON2/DLON/H
   100   98   95   92   92   90   85   80   77   75   73   71   68   63   58   53
   49   45   41   38   38   41   46   52   59   65   69   70   69   64   59   55
   52   49   44   37   31   26   22   19   16   13   12   12   13   14   15   15
   15   16   15   15   16   18   22   28   33   39   44   49   55   61   68   74
   80   85   90   93   95   97   99   101   100
    12.5-180.0 180.0   5.0 450.0                            LAT/LON1/LON2/DLON/H
   102   100   98   98   99   98   94   88   85   83   81   78   74   69   63   59
   55   51   48   46   47   51   56   62   67   69   70   69   66   59   54   50
   48   45   40   35   29   25   21   18   15   13   13   14   16   17   18   18
   18   17   16   15   15   18   22   28   34   40   45   50   56   63   69   76
   82   87   91   94   96   98   100   102   102
    10.0-180.0 180.0   5.0 450.0                            LAT/LON1/LON2/DLON/H
   100   99   99   100   103   104   101   96   92   90   88   85   80   75   71   67
   64   60   58   57   59   62   66   70   71   70   67   63   58   51   46   43
   42   40   37   32   28   24   21   19   17   16   16   17   20   21   21   20
   19   18   17   16   16   19   23   28   35   41   46   52   57   63   69   75
   81   86   90   92   95   96   98   100   100
     7.5-180.0 180.0   5.0 450.0                            LAT/LON1/LON2/DLON/H
   96   97   98   101   105   107   105   101   98   97   95   91   87   83   79   76
   74   71   69   69   71   73   74   74   71   66   60   54   48   42   38   37
   37   36   34   31   28   25   24   22   21   20   21   22   24   25   24   23
   21   19   18   17   18   20   25   30   37   42   47   52   57   62   68   73
   78   83   87   90   92   93   95   96   96
     5.0-180.0 180.0   5.0 450.0                            LAT/LON1/LON2/DLON/H
   93   93   95   100   105   108   107   104   103   102   100   97   93   89   87   86
   84   82   81   80   81   81   78   74   67   58   51   44   38   34   32   33
   35   35   34   32   30   28   28   27   27   26   26   27   28   28   26   24
   22   21   19   19   20   23   27   33   39   45   49   53   57   61   65   69
   74   79   83   87   89   90   91   92   93
     2.5-180.0 180.0   5.0 450.0                            LAT/LON1/LON2/DLON/H
   90   91   94   99   104   107   107   105   105   105   104   101   97   95   94   94
   93   91   90   88   87   84   78   70   59   49   41   35   31   29   30   33
   36   37   36   35   34   33   33   33   33   32   32   31   30   29   27   25
   23   21   20   20   22   25   30   36   41   47   50   54   57   59   62   65
   69   74   80   84   87   88   89   90   90
     0.0-180.0 180.0   5.0 450.0                            LAT/LON1/LON2/DLON/H
   90   91   93   98   103   106   106   105   106   106   105   103   100   99   99   99
   99   96   94   92   88   82   73   62   50   40   33   29   27   28   32   36
   40   41   41   40   38   38   38   39   39   37   35   33   31   29   27   25
