gLAB/files/disturbance/27_10_2014/dmd_euv72hg3000.14i
     1.0            IONOSPHERE MAPS     GNSS                IONEX VERSION / TYPE
IONINX V5.3         AIUB                27-OCT-14 07:49     PGM / RUN BY / DATE 
CODE'S 1-DAY PREDICTED IONOSPHERE MAPS FOR DAY 300, 2014    COMMENT             
Global ionosphere maps (GIM) are generated on a daily basis DESCRIPTION         
at CODE using data from about 150 GPS sites of the IGS and  DESCRIPTION         
other institutions. The vertical total electron content     DESCRIPTION         
(VTEC) is modeled in a solar-geomagnetic reference frame    DESCRIPTION         
using a spherical harmonics expansion up to degree and      DESCRIPTION         
order 15. Piece-wise linear functions are used for          DESCRIPTION         
representation in the time domain. The time spacing of      DESCRIPTION         
their vertices is 2 hours, conforming with the epochs of    DESCRIPTION         
the VTEC maps. Instrumental biases, so-called differential  DESCRIPTION         
P1-P2 code biases (DCB), for all GPS satellites and ground  DESCRIPTION         
stations are estimated as constant values for each day,     DESCRIPTION         
simultaneously with the 13 times 256, or 3328 parameters    DESCRIPTION         
used to represent the global VTEC distribution. The DCB     DESCRIPTION         
datum is defined by a zero-mean condition imposed on the    DESCRIPTION         
satellite bias estimates. P1-C1 bias corrections are taken  DESCRIPTION         
into account if needed. To convert line-of-sight TEC into   DESCRIPTION         
vertical TEC, a modified single-layer model mapping         DESCRIPTION         
function approximating the JPL extended slab model mapping  DESCRIPTION         
function is adopted. The mapping function is evaluated at   DESCRIPTION         
geodetic satellite elevation angles. For the computation of DESCRIPTION         
the ionospheric pierce points, a spherical layer with a     DESCRIPTION         
radius of 6821 km is assumed, implying geocentric, not      DESCRIPTION         
geodetic IONEX latitudes.                                   DESCRIPTION         
Contact address: stefan.schaer or code @aiub.unibe.ch       DESCRIPTION         
Web page:        www.aiub.unibe.ch/content/ionosphere/      DESCRIPTION         
Data archive:    ftp.unibe.ch/aiub/CODE/                    DESCRIPTION         
  2014    10    27     0     0     0                        EPOCH OF FIRST MAP  
  2014    10    28     0     0     0                        EPOCH OF LAST MAP   
  7200                                                      INTERVAL            
    13                                                      # OF MAPS IN FILE   
  NONE                                                      MAPPING FUNCTION    
    10.0                                                    ELEVATION CUTOFF    
One-way carrier phase leveled to code                       OBSERVABLES USED    
  6371.0                                                    BASE RADIUS         
     2                                                      MAP DIMENSION       
   450.0 450.0   0.0                                        HGT1 / HGT2 / DHGT  
    87.5 -87.5  -2.5                                        LAT1 / LAT2 / DLAT  
  -180.0 180.0   5.0                                        LON1 / LON2 / DLON  
    -1                                                      EXPONENT            
TEC/RMS values in 0.1 TECU; 9999, if no value available     COMMENT             
                                                            END OF HEADER       
[from data line 4719]
    12                                                      START OF TEC MAP    
  2014    10    27    22     0     0                        EPOCH OF CURRENT MAP
    87.5-180.0 180.0   5.0 450.0                            LAT/LON1/LON2/DLON/H
   15   15   15   15   15   15   16   16   16   16   16   16   16   16   16   16
   16   16   16   16   16   16   16   15   15   15   15   15   14   14   14   14
   13   13   13   13   13   12   12   12   12   12   12   12   12   12   12   12
   12   12   12   12   12   12   12   12   12   13   13   13   13   13   13   13
   14   14   14   14   14   14   14   14   15
    85.0-180.0 180.0   5.0 450.0                            LAT/LON1/LON2/DLON/H
   15   15   15   16   16   16   17   17   17   18   18   18   18   18   19   19
   19   19   19   19   18   18   18   17   17   17   16   16   15   15   14   14
   13   13   12   12   12   11   11   11   11   10   10   10   10   10   10   10
   11   11   11   11   11   12   12   12   12   12   13   13   13   13   14   14
   14   14   14   14   14   15   15   15   15
    82.5-180.0 180.0   5.0 450.0                            LAT/LON1/LON2/DLON/H
   15   15   15   16   16   17   17   18   18   19   19   20   20   21   21   21
   21   21   21   21   21   20   20   19   19   18   17   17   16   15   15   14
   13   13   12   12   11   11   10   10   10   10   10   9   9   10   10   10
   10   10   11   11   11   12   12   13   13   13   13   14   14   14   14   14
   14   14   14   14   14   14   15   15   15
    80.0-180.0 180.0   5.0 450.0                            LAT/LON1/LON2/DLON/H
   14   14   15   15   16   16   17   18   19   20   20   21   22   22   23   23
   23   23   23   23   22   22   21   20   20   19   18   17   17   16   15   14
   13   13   12   12   11   11   10   10   10   10   10   9   10   10   10   10
   10   11   11   12   12   13   13   13   14   14   14   14   15   15   15   15
   15   15   14   14   14   14   14   14   14
    77.5-180.0 180.0   5.0 450.0                            LAT/LON1/LON2/DLON/H
   14   14   14   15   15   16   17   18   19   20   21   22   23   23   24   24
   24   24   23   23   22   22   21   20   20   19   18   17   16   16   15   14
   13   13   12   12   12   11   11   11   11   11   10   10   10   10   11   11
   11   12   12   13   13   13   14   14   14   15   15   15   15   15   15   15
   15   15   14   14   14   14   14   14   14
    75.0-180.0 180.0   5.0 450.0                            LAT/LON1/LON2/DLON/H
   14   14   14   15   16   17   18   19   20   21   22   23   24   24   24   24
   24   23   23   22   21   21   20   20   19   18   17   17   16   15   14   13
   13   12   12   12   12   12   12   12   12   11   11   11   11   11   11   12
   12   13   13   14   14   14   15   15   15   15   15   15   15   15   14   14
   14   14   14   14   14   14   14   14   14
    72.5-180.0 180.0   5.0 450.0                            LAT/LON1/LON2/DLON/H
   15   15   15   16   17   18   19   20   21   23   24   25   25   25   25   24
   23   22   21   21   20   19   19   18   18   17   16   15   14   13   13   12
   11   11   11   11   12   12   12   12   12   12   12   12   12   12   12   13
   13   13   14   14   15   15   15   15   14   14   14   14   13   13   13   13
   13   13   14   14   14   14   14   14   15
    70.0-180.0 180.0   5.0 450.0                            LAT/LON1/LON2/DLON/H
   16   17   17   18   19   20   21   22   23   25   26   26   27   26   25   24
   23   22   20   19   19   18   18   17   17   16   15   14   13   12   11   10
   9   9   9   10   10   11   11   11   11   11   11   11   11   12   12   13
   13   14   14   14   15   15   14   14   14   13   12   12   12   12   12   12
   12   13   13   14   14   15   15   16   16
    67.5-180.0 180.0   5.0 450.0                            LAT/LON1/LON2/DLON/H
   18   19   20   21   22   22   23   25   26   27   28   29   29   28   27   25
   24   22   21   20   19   18   18   17   17   16   15   13   12   10   9   8
   7   7   7   8   9   9   10   10   10   10   10   10   11   11   12   12
   13   13   14   14   14   14   13   13   12   11   10   10   10   10   10   10
   11   12   13   13   14   15   16   17   18
    65.0-180.0 180.0   5.0 450.0                            LAT/LON1/LON2/DLON/H
   21   22   23   24   25   26   26   27   28   29   30   31   31   30   29   27
   25   24   22   21   21   20   19   19   18   17   15   13   11   9   8   6
   6   5   5   6   7   7   8   8   8   8   8   8   9   10   11   11
   12   12   13   13   13   12   12   11   10   9   9   8   8   8   8   9
   10   11   13   14   15   17   18   20   21
    62.5-180.0 180.0   5.0 450.0                            LAT/LON1/LON2/DLON/H
   24   25   27   27   28   29   29   30   31   31   32   33   33   33   31   30
   28   27   26   25   24   23   23   21   20   18   16   14   11   9   7   6
   5   4   4   5   5   6   6   6   6   6   7   7   8   8   9   10
   11   11   11   11   11   11   10   9   8   8   7   7   6   7   8   9
   10   12   13   15   16   18   20   22   24
    60.0-180.0 180.0   5.0 450.0                            LAT/LON1/LON2/DLON/H
   26   28   30   31   31   32   32   32   32   33   34   34   35   35   34   33
   32   31   30   29   29   28   27   25   23   21   18   15   13   10   8   7
   5   5   5   5   5   5   5   5   5   5   5   6   7   7   8   9
   9   9   9   9   9   9   8   8   7   7   6   6   6   7   8   10
   11   13   15   16   18   20   22   24   26
    57.5-180.0 180.0   5.0 450.0                            LAT/LON1/LON2/DLON/H
   29   31   33   34   35   35   35   34   34   34   35   36   36   36   36   36
   35   35   34   34   33   32   31   29   26   23   20   18   15   13   11   9
   8   7   6   6   6   6   6   5   5   5   6   6   6   7   8   8
   8   8   8   8   8   8   7   7   7   7   6   6   7   8   10   11
   13   15   17   19   21   23   25   27   29
    55.0-180.0 180.0   5.0 450.0                            LAT/LON1/LON2/DLON/H
   32   34   36   37   38   38   38   37   36   36   36   36   37   38   38   38
   38   38   38   38   38   36   35   32   29   26   23   21   19   17   15   13
   11   10   9   8   7   7   7   7   7   7   7   7   7   7   8   8
   8   8   8   8   8   8   7   7   7   7   8   8   9   10   12   14
   16   19   20   22   24   26   28   30   32
    52.5-180.0 180.0   5.0 450.0                            LAT/LON1/LON2/DLON/H
   35   37   39   40   41   42   42   41   39   38   37   37   38   39   40   40
   41   41   42   42   41   39   37   34   31   29   26   24   22   21   19   17
   15   14   12   11   10   10   9   9   9   9   9   9   8   8   9   9
   9   9   9   9   8   8   8   9   9   9   9   10   11   13   15   18
   20   22   24   26   28   30   31   33   35
    50.0-180.0 180.0   5.0 450.0                            LAT/LON1/LON2/DLON/H
   38   40   42   44   45   46   46   45   43   42   40   39   39   40   41   42
   42   43   44   44   43   41   39   36   33   31   29   28   26   25   23   21
   18   17   15   14   13   12   12   11   11   11   10   10   10   10   10   10
   10   10   11   10   10   10   10   11   11   11   11   12   14   16   18   21
   24   26   28   30   32   33   35   36   38
    47.5-180.0 180.0   5.0 450.0                            LAT/LON1/LON2/DLON/H
   42   44   46   48   49   50   50   50   48   46   43   42   41   41   42   43
   44   44   45   45   44   42   40   37   35   33   32   30   29   27   25   23
   20   18   16   15   15   14   14   13   13   12   12   11   11   11   11   12
   12   13   13   13   13   13   13   13   13   13   14   15   16   19   21   24
   27   29   32   34   36   38   39   40   42
    45.0-180.0 180.0   5.0 450.0                            LAT/LON1/LON2/DLON/H
   46   48   49   51   53   54   55   54   53   50   47   45   44   44   44   44
   45   45   45   45   44   43   41   39   36   35   33   32   30   28   25   23
   20   18   17   16   15   15   15   14   14   13   12   11   11   11   12   13
   14   15   15   15   15   15   15   15   15   15   16   17   18   21   24   27
   30   33   35   38   40   41   43   44   46
    42.5-180.0 180.0   5.0 450.0                            LAT/LON1/LON2/DLON/H
   49   51   53   54   56   57   58   58   56   54   51   48   47   46   46   46
   45   45   45   45   45   43   42   40   38   36   34   32   30   27   24   21
   19   17   16   16   15   15   15   15   14   13   12   11   11   11   12   14
   15   16   17   17   17   17   17   17   17   17   17   18   20   23   26   29
   32   35   38   41   43   45   46   48   49
    40.0-180.0 180.0   5.0 450.0                            LAT/LON1/LON2/DLON/H
   52   54   55   56   58   59   60   60   59   57   54   52   50   49   48   48
   47   46   46   46   45   45   43   42   40   38   35   32   28   25   22   19
   17   16   15   15   15   16   16   15   14   13   11   11   11   11   13   14
   16   17   18   19   19   19   19   19   19   19   19   20   21   24   28   31
   34   38   40   43   45   47   49   50   52
    37.5-180.0 180.0   5.0 450.0                            LAT/LON1/LON2/DLON/H
   54   56   57   58   58   59   60   61   61   59   57   55   53   52   51   50
   49   48   48   47   47   47   45   44   42   39   35   31   27   23   20   18
   17   16   16   16   16   16   16   16   14   13   11   10   10   11   13   14
   16   17   18   19   20   20   21   21   21   21   21   21   23   26   30   33
   37   40   43   45   48   49   51   52   54
    35.0-180.0 180.0   5.0 450.0                            LAT/LON1/LON2/DLON/H
   56   57   58   59   59   59   60   61   61   60   59   57   56   55   54   53
   52   51   50   50   50   49   48   46   43   40   35   31   27   24   21   20
   20   19   19   18   18   18   18   17   16   14   12   11   11   12   13   14
   15   16   17   19   20   21   22   23   23   23   23   23   25   28   32   36
   39   42   45   48   50   51   52   54   56
    32.5-180.0 180.0   5.0 450.0                            LAT/LON1/LON2/DLON/H
   58   59   60   60   59   59   60   61   61   61   60   59   59   58   57   56
   55   54   53   53   52   52   50   48   45   41   36   32   29   27   26   26
   26   25   24   23   23   22   22   21   19   17   15   13   13   13   14   14
   14   15   16   18   19   21   23   24   25   25   25   26   28   31   35   39
   42   45   48   50   52   53   55   56   58
    30.0-180.0 180.0   5.0 450.0                            LAT/LON1/LON2/DLON/H
   60   62   62   61   61   60   61   62   62   62   62   62   62   61   60   59
   58   57   56   55   55   54   52   49   46   42   38   36   34   35   35   36
   36   34   32   30   28   28   27   25   23   21   18   17   16   15   15   14
   14   14   15   17   19   21   24   26   28   28   28   28   30   34   39   42
   45   48   51   53   55   56   57   58   60
    27.5-180.0 180.0   5.0 450.0                            LAT/LON1/LON2/DLON/H
   64   66   66   65   64   63   63   64   64   65   64   64   64   64   63   62
   61   59   58   57   56   55   53   51   47   44   42   41   43   45   48   49
   48   45   41   38   35   34   32   31   28   26   23   21   19   18   17   16
   15   14   15   16   19   21   24   28   30   30   30   31   33   37   42   46
   48   51   54   56   58   60   61   62   64
    25.0-180.0 180.0   5.0 450.0                            LAT/LON1/LON2/DLON/H
   70   72   72   70   69   68   68   68   68   68   68   68   67   67   65   64
   63   62   60   59   57   56   54   52   50   48   48   50   53   58   62   63
   61   56   50   45   41   39   38   36   33   30   27   24   22   21   19   18
   16   15   15   17   19   22   25   29   31   32   32   33   36   40   45   48
   51   53   56   59   62   64   65   67   70
    22.5-180.0 180.0   5.0 450.0                            LAT/LON1/LON2/DLON/H
   77   79   80   78   76   74   74   74   74   73   73   72   71   69   68   66
   65   64   61   60   58   57   55   54   53   53   55   59   65   71   75   75
   71   65   57   50   45   43   41   39   36   33   30   27   25   24   22   20
   19   17   17   18   20   22   26   29   32   33   33   34   37   42   47   50
   52   55   58   62   66   69   71   73   77
    20.0-180.0 180.0   5.0 450.0                            LAT/LON1/LON2/DLON/H
   83   87   88   86   84   82   82   81   80   79   78   77   75   73   71   69
   68   65   63   60   58   57   57   57   58   61   64   70   76   82   85   84
   78   69   60   52   47   45   42   40   37   34   32   30   28   26   25   24
   22   21   20   20   21   24   27   30   32   32   33   34   38   43   48   51
   53   56   59   64   69   72   76   79   83
    17.5-180.0 180.0   5.0 450.0                            LAT/LON1/LON2/DLON/H
   89   93   95   93   91   90   89   88   86   85   83   82   79   77   74   73
   71   68   65   61   60   59   60   62   65   69   74   78   84   88   89   86
   78   69   59   51   46   44   42   40   37   34   32   31   29   29   28   27
   26   25   24   23   24   25   28   30   31   31   31   34   38   43   48   51
   53   56   60   65   71   75   79   84   89
    15.0-180.0 180.0   5.0 450.0                            LAT/LON1/LON2/DLON/H
   93   98   100   99   97   96   96   94   92   90   88   87   84   81   79   77
   75   72   68   65   63   63   65   69   73   78   81   84   87   88   87   82
   73   63   54   47   43   42   40   38   36   34   33   31   31   31   31   31
   31   30   28   27   26   27   28   29   30   29   29   32   37   43   47   51
   53   56   61   66   72   77   82   87   93
    12.5-180.0 180.0   5.0 450.0                            LAT/LON1/LON2/DLON/H
   93   99   102   102   101   101   101   99   96   94   92   91   88   86   84   83
   81   78   74   70   68   69   72   77   81   85   87   86   85   82   78   72
   64   55   47   42   41   40   39   37   35   34   33   32   32   32   33   34
   35   34   32   30   28   28   29   29   28   27   28   31   36   42   46   50
   53   56   61   67   73   78   82   87   93
    10.0-180.0 180.0   5.0 450.0                            LAT/LON1/LON2/DLON/H
   91   97   101   102   102   103   103   101   99   97   95   94   92   90   89   89
   88   85   81   78   76   78   81   85   89   90   88   83   77   72   66   59
   52   46   42   39   40   40   40   38   36   34   34   33   33   34   35   36
   38   37   34   31   29   29   29   28   27   26   26   30   35   41   46   50
   53   58   62   67   72   77   81   86   91
     7.5-180.0 180.0   5.0 450.0                            LAT/LON1/LON2/DLON/H
   88   93   97   99   101   102   103   102   100   98   98   97   95   94   95   95
   95   93   90   87   86   86   89   93   94   93   87   77   68   59   53   47
   43   41   39   40   42   44   44   41   38   37   36   35   35   35   36   37
   38   37   35   31   30   29   29   28   27   25   26   30   35   40   45   50
   55   59   64   68   72   76   79   83   88
     5.0-180.0 180.0   5.0 450.0                            LAT/LON1/LON2/DLON/H
   84   89   93   96   98   100   102   102   100   99   99   99   98   98   99   101
   101   100   98   95   94   95   97   99   98   92   82   70   58   49   43   40
   39   40   41   44   48   50   49   47   43   40   38   37   36   35   35   36
   37   36   33   30   29   29   29   28   27   26   27   30   34   39   44   50
   56   62   66   69   72   74   77   80   84
     2.5-180.0 180.0   5.0 450.0                            LAT/LON1/LON2/DLON/H
   80   84   89   92   95   98   100   101   100   100   100   100   101   101   103   105
   105   105   104   102   101   101   102   102   99   90   77   63   51   42   39   39
   41   45   49   53   56   58   57   53   48   45   42   40   38   35   34   34
   33   32   30   27   27   28   29   29   27   26   28   31   34   39   44   51
   58   63   68   70   72   73   75   77   80
     0.0-180.0 180.0   5.0 450.0                            LAT/LON1/LON2/DLON/H
   78   82   86   89   92   96   98   99   100   101   101   102   103   104   105   107
