gLAB/files/disturbance/27_10_2014/dmdc_euv72h_shift2g3000.14i
     1.0            IONOSPHERE MAPS     GNSS                IONEX VERSION / TYPE
IONINX V5.3         AIUB                27-OCT-14 07:49     PGM / RUN BY / DATE 
CODE'S 1-DAY PREDICTED IONOSPHERE MAPS FOR DAY 300, 2014    COMMENT             
Global ionosphere maps (GIM) are generated on a daily basis DESCRIPTION         
at CODE using data from about 150 GPS sites of the IGS and  DESCRIPTION         
other institutions. The vertical total electron content     DESCRIPTION         
(VTEC) is modeled in a solar-geomagnetic reference frame    DESCRIPTION         
using a spherical harmonics expansion up to degree and      DESCRIPTION         
order 15. Piece-wise linear functions are used for          DESCRIPTION         
representation in the time domain. The time spacing of      DESCRIPTION         
their vertices is 2 hours, conforming with the epochs of    DESCRIPTION         
the VTEC maps. Instrumental biases, so-called differential  DESCRIPTION         
P1-P2 code biases (DCB), for all GPS satellites and ground  DESCRIPTION         
stations are estimated as constant values for each day,     DESCRIPTION         
simultaneously with the 13 times 256, or 3328 parameters    DESCRIPTION         
used to represent the global VTEC distribution. The DCB     DESCRIPTION         
datum is defined by a zero-mean condition imposed on the    DESCRIPTION         
satellite bias estimates. P1-C1 bias corrections are taken  DESCRIPTION         
into account if needed. To convert line-of-sight TEC into   DESCRIPTION         
vertical TEC, a modified single-layer model mapping         DESCRIPTION         
function approximating the JPL extended slab model mapping  DESCRIPTION         
function is adopted. The mapping function is evaluated at   DESCRIPTION         
geodetic satellite elevation angles. For the computation of DESCRIPTION         
the ionospheric pierce points, a spherical layer with a     DESCRIPTION         
radius of 6821 km is assumed, implying geocentric, not      DESCRIPTION         
geodetic IONEX latitudes.                                   DESCRIPTION         
Contact address: stefan.schaer or code @aiub.unibe.ch       DESCRIPTION         
Web page:        www.aiub.unibe.ch/content/ionosphere/      DESCRIPTION         
Data archive:    ftp.unibe.ch/aiub/CODE/                    DESCRIPTION         
  2014    10    27     0     0     0                        EPOCH OF FIRST MAP  
  2014    10    28     0     0     0                        EPOCH OF LAST MAP   
  7200                                                      INTERVAL            
    13                                                      # OF MAPS IN FILE   
  NONE                                                      MAPPING FUNCTION    
    10.0                                                    ELEVATION CUTOFF    
One-way carrier phase leveled to code                       OBSERVABLES USED    
  6371.0                                                    BASE RADIUS         
     2                                                      MAP DIMENSION       
   450.0 450.0   0.0                                        HGT1 / HGT2 / DHGT  
    87.5 -87.5  -2.5                                        LAT1 / LAT2 / DLAT  
  -180.0 180.0   5.0                                        LON1 / LON2 / DLON  
    -1                                                      EXPONENT            
TEC/RMS values in 0.1 TECU; 9999, if no value available     COMMENT             
                                                            END OF HEADER       
[from data line 429]
     2                                                      START OF TEC MAP    
  2014    10    27     2     0     0                        EPOCH OF CURRENT MAP
    87.5-180.0 180.0   5.0 450.0                            LAT/LON1/LON2/DLON/H
   15   15   15   15   15   15   15   15   15   15   15   15   15   15   15   15
   14   14   14   14   14   14   14   13   13   13   13   13   13   12   12   12
   12   12   12   12   12   12   12   12   12   12   12   12   12   12   12   12
   13   13   13   13   13   13   13   13   14   14   14   14   14   14   14   14
   15   15   15   15   15   15   15   15   15
    85.0-180.0 180.0   5.0 450.0                            LAT/LON1/LON2/DLON/H
   16   16   16   16   16   16   16   16   16   16   16   16   16   16   15   15
   15   15   14   14   14   14   13   13   13   12   12   12   11   11   11   10
   10   10   10   10   10   10   10   10   10   10   10   10   11   11   11   11
   11   12   12   12   12   13   13   13   13   13   14   14   14   15   15   15
   15   15   15   16   16   16   16   16   16
    82.5-180.0 180.0   5.0 450.0                            LAT/LON1/LON2/DLON/H
   17   16   16   16   16   16   16   16   16   16   16   16   16   16   15   15
   15   15   14   14   14   13   13   12   12   11   11   10   10   9   9   9
   8   8   8   8   8   8   8   8   9   9   9   9   9   10   10   10
   11   11   11   11   12   12   12   13   13   13   14   14   14   15   15   15
   16   16   16   16   16   16   17   17   17
    80.0-180.0 180.0   5.0 450.0                            LAT/LON1/LON2/DLON/H
   17   17   17   17   16   16   16   16   16   15   15   15   15   15   15   15
   15   14   14   14   13   13   12   12   11   11   10   9   9   8   8   7
   7   7   7   6   7   7   7   7   8   8   8   9   9   9   10   10
   10   10   11   11   11   12   12   13   13   13   14   14   15   15   16   16
   16   16   17   17   17   17   17   17   17
    77.5-180.0 180.0   5.0 450.0                            LAT/LON1/LON2/DLON/H
   18   18   17   17   16   16   16   15   15   15   15   14   14   14   14   14
   13   13   13   13   12   12   11   11   11   10   9   9   8   8   7   7
   6   6   6   6   6   6   7   7   7   8   8   8   9   9   9   10
   10   10   10   11   11   11   12   13   13   14   14   15   15   16   16   17
   17   17   18   18   18   18   18   18   18
    75.0-180.0 180.0   5.0 450.0                            LAT/LON1/LON2/DLON/H
   19   19   18   17   17   16   15   15   14   14   13   13   13   13   12   12
   12   12   12   11   11   11   11   11   10   10   9   9   9   8   8   7
   7   7   6   6   7   7   7   7   8   8   8   9   9   9   9   10
   10   10   10   10   11   11   12   13   14   14   15   16   16   17   17   18
   18   19   19   19   20   20   20   20   19
    72.5-180.0 180.0   5.0 450.0                            LAT/LON1/LON2/DLON/H
   21   21   20   19   18   17   16   15   14   13   13   12   12   11   11   11
   10   10   10   10   10   10   10   10   10   10   10   10   9   9   9   8
   8   8   8   8   7   8   8   8   8   9   9   9   9   10   10   10
   10   10   10   10   11   12   12   13   14   15   16   17   18   18   19   19
   20   20   20   21   21   22   22   22   21
    70.0-180.0 180.0   5.0 450.0                            LAT/LON1/LON2/DLON/H
   23   22   21   20   19   18   17   15   14   13   13   12   11   11   10   10
   9   9   9   9   9   9   10   10   10   10   10   10   10   10   10   9
   9   9   9   9   9   9   9   9   9   10   10   10   10   10   10   10
   10   10   10   10   11   12   13   14   15   17   18   19   19   20   20   21
   21   21   22   22   23   23   24   23   23
    67.5-180.0 180.0   5.0 450.0                            LAT/LON1/LON2/DLON/H
   25   24   23   22   20   19   18   16   15   14   13   12   11   10   10   9
   9   8   8   8   8   9   9   10   10   11   11   11   11   11   10   10
   10   10   10   10   10   10   10   10   10   10   10   10   10   10   10   10
   10   10   10   10   11   12   14   15   17   18   19   20   21   21   22   22
   22   23   23   24   24   25   25   25   25
    65.0-180.0 180.0   5.0 450.0                            LAT/LON1/LON2/DLON/H
   26   25   25   23   22   21   19   18   17   15   14   13   12   11   10   9
   9   8   8   8   8   9   9   10   10   10   11   11   11   11   10   10
   10   10   10   10   10   10   10   11   11   11   11   11   11   11   11   10
   10   10   10   11   12   13   15   16   18   20   21   22   23   23   23   24
   24   24   24   25   25   26   26   26   26
    62.5-180.0 180.0   5.0 450.0                            LAT/LON1/LON2/DLON/H
   27   26   26   24   23   22   21   19   18   17   16   14   13   12   11   11
   10   9   9   9   9   9   10   10   10   10   10   10   10   10   9   9
   9   9   9   10   10   10   11   11   11   11   11   11   12   11   11   11
   11   11   11   12   13   14   16   18   20   21   23   24   24   25   25   25
   25   25   26   26   26   27   27   27   27
    60.0-180.0 180.0   5.0 450.0                            LAT/LON1/LON2/DLON/H
   27   27   26   25   24   23   22   21   20   18   17   16   15   14   13   12
   11   11   10   10   10   10   10   10   10   9   9   9   8   8   8   8
   8   8   9   9   10   10   11   11   11   12   12   12   12   12   12   12
   12   12   12   13   14   15   17   19   21   23   24   25   26   27   27   27
   27   27   27   27   27   27   28   27   27
    57.5-180.0 180.0   5.0 450.0                            LAT/LON1/LON2/DLON/H
   28   28   27   26   25   24   24   22   21   20   19   18   17   16   15   15
   14   13   12   11   11   11   10   10   9   9   8   7   7   6   6   6
   6   7   8   8   9   10   11   11   12   12   12   12   13   13   13   13
   13   13   13   14   15   17   19   21   23   24   26   27   28   29   29   30
   30   30   30   29   29   29   29   28   28
    55.0-180.0 180.0   5.0 450.0                            LAT/LON1/LON2/DLON/H
   29   29   28   27   27   26   25   24   23   22   21   20   19   18   17   17
   16   14   13   13   12   11   10   10   9   8   7   6   5   5   4   5
   5   6   7   8   9   10   11   11   12   12   12   13   13   13   14   14
   14   15   15   16   17   19   21   23   25   26   28   29   30   31   32   33
   33   33   33   33   32   31   31   30   29
    52.5-180.0 180.0   5.0 450.0                            LAT/LON1/LON2/DLON/H
   32   31   30   29   29   28   27   26   25   24   23   22   21   20   19   18
   17   16   14   13   12   11   11   10   9   8   7   5   5   4   4   4
   5   6   7   8   9   10   11   11   12   12   12   13   14   14   15   15
   16   16   17   18   19   21   23   25   27   28   30   31   32   34   35   36
   37   37   37   37   36   35   34   33   32
    50.0-180.0 180.0   5.0 450.0                            LAT/LON1/LON2/DLON/H
   35   34   33   32   31   30   29   28   27   26   25   24   23   22   21   19
   18   16   15   14   13   12   11   10   9   8   7   6   5   4   4   4
   5   6   7   8   9   10   11   11   12   12   12   13   14   15   16   17
   17   18   19   21   22   24   25   27   29   31   32   34   35   36   38   39
   41   41   42   41   40   39   38   36   35
    47.5-180.0 180.0   5.0 450.0                            LAT/LON1/LON2/DLON/H
   39   38   36   35   34   33   32   30   29   27   26   25   24   23   21   20
   18   16   15   14   12   12   11   10   9   9   8   7   6   6   5   5
   6   7   8   8   9   10   10   11   11   12   12   13   14   15   16   17
   19   20   21   23   24   26   28   30   31   33   35   36   37   39   41   42
   44   45   45   45   44   43   42   41   39
    45.0-180.0 180.0   5.0 450.0                            LAT/LON1/LON2/DLON/H
   43   41   40   38   37   36   35   33   31   29   28   26   25   23   21   20
   18   16   15   13   12   12   11   11   10   10   9   9   8   8   7   7
   7   8   8   8   8   9   9   9   10   11   12   13   14   16   17   18
   20   21   23   25   26   28   30   32   33   35   37   38   39   41   43   44
   46   47   48   48   48   47   46   44   43
    42.5-180.0 180.0   5.0 450.0                            LAT/LON1/LON2/DLON/H
   45   44   42   41   40   39   37   36   34   32   30   28   26   23   21   19
   18   16   15   13   12   12   11   11   11   11   11   10   10   10   9   9
   8   8   8   7   7   7   7   8   9   10   12   13   15   16   18   19
   21   22   24   26   27   29   31   33   35   37   39   40   41   42   44   45
   47   48   49   49   50   49   48   47   45
    40.0-180.0 180.0   5.0 450.0                            LAT/LON1/LON2/DLON/H
   47   45   43   42   41   41   40   38   36   34   32   29   27   24   21   19
   18   16   15   14   13   12   12   12   12   12   12   12   12   11   11   10
   9   7   6   6   5   5   5   6   8   10   12   14   15   17   18   20
   21   23   25   26   28   30   31   33   36   38   40   41   42   43   44   45
   47   48   49   49   50   50   49   48   47
    37.5-180.0 180.0   5.0 450.0                            LAT/LON1/LON2/DLON/H
   47   45   43   43   42   42   42   40   38   36   34   31   28   25   22   20
   18   17   15   14   13   13   13   13   13   13   13   13   13   13   12   10
   8   7   5   4   3   3   3   5   7   9   12   14   16   17   19   20
   21   23   25   26   28   29   31   33   36   38   40   42   43   44   44   45
   46   47   48   49   50   50   49   48   47
    35.0-180.0 180.0   5.0 450.0                            LAT/LON1/LON2/DLON/H
   46   45   43   43   43   43   43   42   40   38   35   33   30   26   23   20
   19   17   16   15   14   13   13   13   13   13   14   14   14   14   13   10
   8   6   3   2   1   1   3   5   7   10   12   14   16   18   19   20
   22   23   25   26   28   29   31   33   36   38   41   43   44   45   46   46
   47   48   48   49   49   50   49   48   46
    32.5-180.0 180.0   5.0 450.0                            LAT/LON1/LON2/DLON/H
   47   45   44   43   43   44   44   43   41   39   37   34   31   28   24   21
   19   18   17   15   14   14   14   14   14   14   15   16   16   15   14   11
   8   5   3   2   1   2   3   5   8   11   13   15   17   18   19   20
   21   23   25   26   28   30   31   34   36   39   41   44   46   48   48   49
   50   50   51   51   51   51   50   49   47
    30.0-180.0 180.0   5.0 450.0                            LAT/LON1/LON2/DLON/H
   50   48   46   45   44   44   44   43   42   40   38   36   33   29   26   22
   20   18   17   15   14   14   14   15   15   16   17   18   18   18   16   13
   9   6   4   3   3   4   5   7   10   12   13   15   17   18   19   20
   21   23   25   27   29   31   33   35   38   40   43   46   49   52   53   54
   55   56   57   57   56   55   54   52   50
    27.5-180.0 180.0   5.0 450.0                            LAT/LON1/LON2/DLON/H
   56   53   50   48   47   46   45   44   42   41   39   37   34   31   27   23
   21   18   17   15   14   14   15   16   17   18   20   21   22   22   19   16
   12   9   7   6   6   7   8   10   12   13   14   15   16   18   19   20
   21   23   25   28   31   33   35   38   40   43   46   49   53   57   59   61
   63   65   66   65   64   62   60   58   56
    25.0-180.0 180.0   5.0 450.0                            LAT/LON1/LON2/DLON/H
   64   61   57   54   52   49   47   45   43   41   40   38   36   32   28   24
   21   18   16   15   14   15   17   19   21   22   25   26   28   27   24   20
   16   13   11   11   10   11   11   12   13   13   14   14   16   17   18   19
   21   23   27   30   33   37   39   42   45   47   50   54   59   63   66   69
   72   75   76   76   74   72   70   68   64
    22.5-180.0 180.0   5.0 450.0                            LAT/LON1/LON2/DLON/H
   75   71   67   63   59   55   51   48   45   43   42   40   38   34   30   25
   22   19   17   16   16   18   21   23   26   28   31   33   34   32   29   25
   21   18   16   15   14   14   13   13   13   13   13   13   14   16   18   19
   21   24   28   32   37   41   44   47   50   53   56   60   65   70   73   77
   81   85   86   86   84   82   81   79   75
    20.0-180.0 180.0   5.0 450.0                            LAT/LON1/LON2/DLON/H
   86   82   78   74   68   62   56   52   48   46   45   43   40   36   32   27
   24   22   20   19   20   23   27   30   33   35   37   40   40   38   34   30
   25   22   20   19   17   16   14   13   13   12   12   12   14   15   17   19
   21   25   29   35   40   45   49   53   57   59   63   67   71   76   80   84
   88   92   94   94   92   91   90   89   86
    17.5-180.0 180.0   5.0 450.0                            LAT/LON1/LON2/DLON/H
   95   92   89   84   78   71   64   58   54   51   49   47   44   40   35   31
   28   27   26   26   28   31   35   38   40   42   44   45   45   43   38   33
   29   26   23   21   19   16   14   13   11   11   11   12   13   16   17   19
   22   26   31   37   43   48   54   59   63   66   70   73   78   81   85   88
   92   96   98   98   97   96   97   97   95
    15.0-180.0 180.0   5.0 450.0                            LAT/LON1/LON2/DLON/H
   101   99   97   94   88   80   72   66   61   58   56   53   49   45   40   37
   35   34   34   35   38   41   45   47   47   48   49   50   49   46   41   36
   31   28   25   22   19   16   13   11   10   10   11   12   14   17   18   20
   23   27   32   38   45   51   57   63   68   72   76   79   83   85   88   91
   94   97   99   98   97   98   100   102   101
    12.5-180.0 180.0   5.0 450.0                            LAT/LON1/LON2/DLON/H
   103   102   102   100   95   88   81   75   70   67   64   60   56   52   48   45
   44   44   45   47   49   53   55   55   54   52   52   51   50   46   41   36
   32   28   25   22   18   15   13   11   10   10   12   14   16   19   20   22
   24   28   33   40   46   52   59   65   71   76   80   83   86   88   89   91
   94   96   96   96   95   97   100   102   103
    10.0-180.0 180.0   5.0 450.0                            LAT/LON1/LON2/DLON/H
   102   103   104   104   101   95   89   83   79   76   72   68   64   60   57   54
   55   56   58   59   61   63   63   61   57   54   52   51   48   45   40   36
   32   28   25   21   18   15   13   12   12   13   14   17   19   21   23   24
   26   29   34   40   47   53   60   66   73   78   82   85   87   89   90   91
   92   93   93   92   92   94   97   100   102
     7.5-180.0 180.0   5.0 450.0                            LAT/LON1/LON2/DLON/H
   99   101   103   105   104   100   95   91   88   85   81   76   72   68   65   64
   65   67   69   70   71   71   69   64   58   53   51   48   45   42   39   35
   32   29   25   22   19   16   15   15   15   16   18   20   22   24   25   26
   28   31   36   41   47   53   60   66   73   78   82   85   87   89   89   90
   90   91   90   89   89   91   95   98   99
     5.0-180.0 180.0   5.0 450.0                            LAT/LON1/LON2/DLON/H
   98   99   102   105   105   103   100   97   95   92   89   83   79   75   73   72
   74   76   78   78   77   75   70   63   55   50   47   45   42   40   37   35
   33   30   27   24   21   20   19   19   19   20   22   24   25   26   27   28
   30   33   37   42   47   53   59   65   72   77   80   83   86   88   88   89
   89   89   89   89   89   91   94   96   98
     2.5-180.0 180.0   5.0 450.0                            LAT/LON1/LON2/DLON/H
   98   98   101   104   106   105   103   101   100   98   94   89   83   79   77   77
   79   80   81   80   78   74   67   58   50   45   43   41   40   38   37   36
   34   31   29   26   25   24   23   23   23   24   25   26   27   28   28   29
   31   34   39   43   48   53   58   64   69   74   78   81   84   86   87   88
   89   89   90   90   91   94   96   98   98
     0.0-180.0 180.0   5.0 450.0                            LAT/LON1/LON2/DLON/H
   100   99   102   104   106   105   104   103   103   101   98   91   85   81   79   77
   78   79   78   76   73   67   60   51   44   40   39   39   39   38   38   38
