gLAB/files/disturbance/27_10_2014/dmdc_euv72h_shift2g3000.14i
     1.0            IONOSPHERE MAPS     GNSS                IONEX VERSION / TYPE
IONINX V5.3         AIUB                27-OCT-14 07:49     PGM / RUN BY / DATE 
CODE'S 1-DAY PREDICTED IONOSPHERE MAPS FOR DAY 300, 2014    COMMENT             
Global ionosphere maps (GIM) are generated on a daily basis DESCRIPTION         
at CODE using data from about 150 GPS sites of the IGS and  DESCRIPTION         
other institutions. The vertical total electron content     DESCRIPTION         
(VTEC) is modeled in a solar-geomagnetic reference frame    DESCRIPTION         
using a spherical harmonics expansion up to degree and      DESCRIPTION         
order 15. Piece-wise linear functions are used for          DESCRIPTION         
representation in the time domain. The time spacing of      DESCRIPTION         
their vertices is 2 hours, conforming with the epochs of    DESCRIPTION         
the VTEC maps. Instrumental biases, so-called differential  DESCRIPTION         
P1-P2 code biases (DCB), for all GPS satellites and ground  DESCRIPTION         
stations are estimated as constant values for each day,     DESCRIPTION         
simultaneously with the 13 times 256, or 3328 parameters    DESCRIPTION         
used to represent the global VTEC distribution. The DCB     DESCRIPTION         
datum is defined by a zero-mean condition imposed on the    DESCRIPTION         
satellite bias estimates. P1-C1 bias corrections are taken  DESCRIPTION         
into account if needed. To convert line-of-sight TEC into   DESCRIPTION         
vertical TEC, a modified single-layer model mapping         DESCRIPTION         
function approximating the JPL extended slab model mapping  DESCRIPTION         
function is adopted. The mapping function is evaluated at   DESCRIPTION         
geodetic satellite elevation angles. For the computation of DESCRIPTION         
the ionospheric pierce points, a spherical layer with a     DESCRIPTION         
radius of 6821 km is assumed, implying geocentric, not      DESCRIPTION         
geodetic IONEX latitudes.                                   DESCRIPTION         
Contact address: stefan.schaer or code @aiub.unibe.ch       DESCRIPTION         
Web page:        www.aiub.unibe.ch/content/ionosphere/      DESCRIPTION         
Data archive:    ftp.unibe.ch/aiub/CODE/                    DESCRIPTION         
  2014    10    27     0     0     0                        EPOCH OF FIRST MAP  
  2014    10    28     0     0     0                        EPOCH OF LAST MAP   
  7200                                                      INTERVAL            
    13                                                      # OF MAPS IN FILE   
  NONE                                                      MAPPING FUNCTION    
    10.0                                                    ELEVATION CUTOFF    
One-way carrier phase leveled to code                       OBSERVABLES USED    
  6371.0                                                    BASE RADIUS         
     2                                                      MAP DIMENSION       
   450.0 450.0   0.0                                        HGT1 / HGT2 / DHGT  
    87.5 -87.5  -2.5                                        LAT1 / LAT2 / DLAT  
  -180.0 180.0   5.0                                        LON1 / LON2 / DLON  
    -1                                                      EXPONENT            
TEC/RMS values in 0.1 TECU; 9999, if no value available     COMMENT             
                                                            END OF HEADER       
[from data line 1716]
     5                                                      START OF TEC MAP    
  2014    10    27     8     0     0                        EPOCH OF CURRENT MAP
    87.5-180.0 180.0   5.0 450.0                            LAT/LON1/LON2/DLON/H
   11   11   11   12   11   12   12   12   12   12   12   12   12   12   12   12
   12   12   12   12   12   12   12   12   12   12   12   12   12   12   12   12
   12   12   13   13   13   13   13   13   13   13   13   13   13   13   13   13
   13   13   13   13   13   13   13   12   12   12   12   12   12   12   12   11
   11   11   11   11   11   11   11   11   11
    85.0-180.0 180.0   5.0 450.0                            LAT/LON1/LON2/DLON/H
   10   10   10   11   11   11   11   11   12   12   12   12   12   11   11   11
   11   11   11   11   10   10   10   10   10   10   11   11   11   11   11   12
   12   12   12   13   13   13   13   14   14   14   14   14   15   15   15   15
   15   14   14   14   14   13   13   13   12   12   12   11   11   11   10   10
   10   10   10   10   10   10   10   10   10
    82.5-180.0 180.0   5.0 450.0                            LAT/LON1/LON2/DLON/H
   8   9   9   10   10   11   11   11   11   12   12   11   11   11   11   10
   10   9   9   9   9   8   8   8   8   8   9   9   9   10   10   11
   11   12   12   13   13   14   14   15   15   15   16   16   16   16   17   17
   17   16   16   16   15   15   14   14   13   12   12   11   10   10   9   9
   8   8   8   7   7   7   8   8   8
    80.0-180.0 180.0   5.0 450.0                            LAT/LON1/LON2/DLON/H
   7   7   8   9   9   10   11   11   11   11   11   11   11   10   10   9
   8   8   7   6   6   6   6   6   6   6   7   7   8   9   9   10
   11   12   12   13   14   14   15   16   16   17   17   18   18   19   19   19
   19   19   19   18   18   17   16   16   15   14   13   12   11   10   9   8
   7   6   6   6   5   6   6   6   7
    77.5-180.0 180.0   5.0 450.0                            LAT/LON1/LON2/DLON/H
   5   6   7   7   8   9   10   11   11   11   11   11   10   10   9   8
   6   6   5   4   4   3   3   4   4   5   6   6   7   8   9   10
   11   12   13   14   15   15   16   17   18   18   19   20   20   21   21   21
   21   21   21   21   20   20   19   18   17   16   15   13   12   11   9   8
   7   6   5   5   4   4   4   4   5
    75.0-180.0 180.0   5.0 450.0                            LAT/LON1/LON2/DLON/H
   4   4   5   6   7   9   9   10   11   11   11   10   10   9   7   6
   5   4   3   2   2   1   2   2   3   4   5   6   7   8   10   11
   12   13   14   15   16   17   18   18   19   20   21   21   22   23   23   24
   24   24   24   23   23   23   22   21   20   19   17   16   14   13   11   10
   8   7   6   5   4   3   3   3   4
    72.5-180.0 180.0   5.0 450.0                            LAT/LON1/LON2/DLON/H
   3   4   4   5   6   8   9   10   10   11   11   10   9   8   7   5
   4   2   1   1   0   0   1   1   2   4   5   6   8   9   10   11
   13   14   15   16   17   18   19   20   21   22   23   23   24   25   25   26
   26   26   26   26   25   25   24   23   22   21   20   19   17   16   14   12
   11   9   7   6   5   4   3   3   3
    70.0-180.0 180.0   5.0 450.0                            LAT/LON1/LON2/DLON/H
   3   3   4   4   5   7   8   9   10   10   10   10   9   8   7   5
   3   2   1   0   0   0   0   2   3   4   5   7   8   9   11   12
   13   14   16   17   18   20   21   22   22   23   24   25   26   26   27   27
   27   27   27   27   27   26   26   25   24   24   23   21   20   19   17   15
   13   12   10   8   7   5   4   4   3
    67.5-180.0 180.0   5.0 450.0                            LAT/LON1/LON2/DLON/H
   4   3   3   4   4   6   7   8   9   10   10   10   10   9   7   5
   4   2   1   0   0   0   1   2   3   5   6   7   9   10   11   12
   13   15   17   18   20   21   22   23   24   25   26   27   27   28   28   29
   29   29   28   28   28   27   27   26   25   25   24   23   22   21   19   18
   16   14   12   11   9   7   6   4   4
    65.0-180.0 180.0   5.0 450.0                            LAT/LON1/LON2/DLON/H
   4   3   3   3   3   4   5   7   8   9   10   10   10   9   8   6
   4   3   1   0   0   0   1   2   4   5   6   8   9   9   10   12
   13   15   17   19   21   22   24   25   26   27   28   28   29   29   30   30
   30   30   29   29   28   28   27   26   26   25   24   24   23   22   21   19
   18   16   14   12   10   9   7   5   4
    62.5-180.0 180.0   5.0 450.0                            LAT/LON1/LON2/DLON/H
   5   3   3   2   3   3   4   5   7   8   9   10   10   10   9   7
   5   3   2   0   0   0   1   2   4   5   6   7   8   9   10   11
   13   15   17   20   22   24   25   27   28   29   29   30   31   31   31   31
   31   31   30   29   29   28   27   26   26   25   24   23   23   22   21   20
   19   17   15   13   12   10   8   6   5
    60.0-180.0 180.0   5.0 450.0                            LAT/LON1/LON2/DLON/H
   5   4   3   2   2   2   3   4   6   7   9   10   10   10   9   8
   6   4   2   1   0   0   1   2   3   4   6   6   7   8   9   10
   13   15   18   21   23   25   27   28   29   30   31   32   33   33   33   33
   33   32   31   30   30   29   28   27   26   25   24   23   23   22   21   20
   18   17   15   14   12   10   8   7   5
    57.5-180.0 180.0   5.0 450.0                            LAT/LON1/LON2/DLON/H
   6   5   3   3   2   2   3   4   5   7   8   9   10   10   10   8
   6   4   3   1   0   0   0   1   2   3   5   5   6   7   8   10
   13   16   19   22   25   27   29   30   31   32   33   34   35   35   35   35
   34   34   33   32   31   30   29   28   27   26   25   24   23   22   21   19
   18   17   15   13   12   10   9   7   6
    55.0-180.0 180.0   5.0 450.0                            LAT/LON1/LON2/DLON/H
   7   6   5   4   3   3   3   3   4   6   7   9   9   10   9   8
   7   5   3   1   0   0   0   0   1   2   4   4   5   6   8   10
   14   17   21   24   27   29   30   32   33   34   35   36   37   37   37   37
   36   36   35   34   33   32   31   30   29   27   26   25   24   22   21   20
   18   16   15   13   12   10   9   8   7
    52.5-180.0 180.0   5.0 450.0                            LAT/LON1/LON2/DLON/H
   8   8   7   6   5   4   4   4   4   5   6   8   8   9   9   8
   6   5   3   2   0   0   0   0   1   2   3   4   5   7   9   11
   15   19   23   26   29   31   32   33   35   36   38   39   39   40   40   39
   39   38   37   37   36   35   34   33   31   30   28   27   25   24   22   21
   19   17   15   13   12   11   10   9   8
    50.0-180.0 180.0   5.0 450.0                            LAT/LON1/LON2/DLON/H
   10   10   9   8   8   7   6   5   5   5   6   7   7   8   8   7
   6   5   4   2   1   0   0   0   1   2   3   4   6   7   10   13
   17   21   25   28   30   32   34   35   37   38   40   41   42   42   42   42
   41   40   39   39   38   37   36   35   34   32   31   29   28   26   24   22
   20   18   16   14   13   12   11   11   10
    47.5-180.0 180.0   5.0 450.0                            LAT/LON1/LON2/DLON/H
   12   12   12   11   10   9   8   7   6   6   6   6   7   7   7   7
   6   5   5   3   2   1   1   1   2   3   4   5   7   9   12   15
   19   23   27   30   32   34   35   37   38   40   42   43   44   44   44   44
   43   42   41   40   39   38   37   36   35   34   33   31   30   28   27   25
   23   20   18   16   15   14   13   13   12
    45.0-180.0 180.0   5.0 450.0                            LAT/LON1/LON2/DLON/H
   14   14   13   13   12   11   10   9   7   7   6   6   7   7   7   7
   6   6   5   5   4   3   3   3   3   4   5   7   8   11   13   17
   21   25   29   32   34   36   37   39   40   42   44   45   46   47   46   46
   45   43   42   41   40   39   38   37   36   35   34   33   31   30   29   27
   25   23   21   19   17   16   15   14   14
    42.5-180.0 180.0   5.0 450.0                            LAT/LON1/LON2/DLON/H
   15   15   14   14   14   13   12   10   9   8   7   7   7   7   7   7
   7   7   7   6   6   5   5   5   5   6   7   9   10   12   15   18
   22   26   30   33   35   37   39   41   43   44   46   48   48   49   48   47
   46   45   43   42   40   39   38   37   36   35   34   33   32   32   31   29
   28   26   23   21   19   18   17   16   15
    40.0-180.0 180.0   5.0 450.0                            LAT/LON1/LON2/DLON/H
   15   14   14   13   13   13   13   11   10   9   8   8   8   8   7   7
   7   7   8   7   7   7   7   7   8   9   9   10   11   13   16   19
   23   27   30   34   37   39   41   43   45   47   48   50   51   51   51   49
   48   46   44   43   41   40   39   38   36   35   34   33   33   32   32   31
   29   28   26   24   22   20   18   16   15
    37.5-180.0 180.0   5.0 450.0                            LAT/LON1/LON2/DLON/H
   14   13   12   12   12   12   12   11   10   10   9   9   8   8   8   8
   8   8   8   8   8   8   9   9   10   10   11   12   12   14   16   20
   23   27   31   34   38   41   44   46   48   49   51   53   53   53   53   52
   50   49   47   45   44   43   42   41   39   37   36   35   35   34   33   32
   31   30   28   26   23   21   19   16   14
    35.0-180.0 180.0   5.0 450.0                            LAT/LON1/LON2/DLON/H
   13   11   10   9   9   10   10   10   10   9   9   9   9   9   9   9
   9   9   9   9   9   9   10   10   11   12   12   12   13   14   16   19
   23   27   31   35   39   43   46   49   50   52   54   55   56   57   56   55
   54   52   51   50   50   49   48   47   45   43   41   39   38   37   36   35
   33   31   30   28   25   22   19   16   13
    32.5-180.0 180.0   5.0 450.0                            LAT/LON1/LON2/DLON/H
   13   10   7   6   6   7   7   8   8   8   9   10   10   10   10   10
   10   10   10   10   10   10   10   11   12   13   13   13   13   14   16   19
   23   26   31   36   41   46   49   51   53   55   57   59   60   60   60   59
   58   58   58   58   59   59   59   57   55   53   50   47   45   42   40   38
   36   34   32   30   27   24   20   17   13
    30.0-180.0 180.0   5.0 450.0                            LAT/LON1/LON2/DLON/H
   15   10   7   5   4   4   4   5   6   7   8   9   9   10   10   10
   10   10   10   10   10   10   11   11   12   13   13   13   13   14   17   20
   23   27   32   37   43   48   52   54   56   58   60   62   63   64   64   64
   64   65   67   69   71   72   73   71   69   65   62   58   54   50   47   44
   41   38   36   34   31   27   23   19   15
    27.5-180.0 180.0   5.0 450.0                            LAT/LON1/LON2/DLON/H
   19   14   9   6   4   3   3   2   3   5   6   8   9   9   9   9
   10   10   11   11   11   11   11   12   12   13   13   13   13   15   18   21
   24   28   33   39   45   50   54   56   59   61   64   66   67   68   69   69
   71   74   77   81   84   87   87   86   83   79   75   70   65   60   56   51
   47   44   42   40   36   33   29   24   19
    25.0-180.0 180.0   5.0 450.0                            LAT/LON1/LON2/DLON/H
   27   21   16   12   8   5   3   2   2   3   5   6   7   7   8   9
   9   10   11   12   12   12   12   12   13   14   14   14   14   16   19   23
   26   30   35   40   47   52   55   58   61   63   67   69   71   72   73   75
   78   82   87   92   97   100   100   99   96   92   87   82   76   71   65   60
   56   52   50   47   44   40   37   32   27
    22.5-180.0 180.0   5.0 450.0                            LAT/LON1/LON2/DLON/H
   38   32   26   21   16   11   7   4   3   3   5   6   6   6   6   8
   9   10   12   13   14   14   14   14   14   15   15   15   16   18   22   25
   29   32   37   42   48   53   57   59   62   66   69   73   75   76   78   80
   84   89   95   100   105   108   109   107   104   101   96   91   86   80   75   70
   65   62   59   56   52   49   46   42   38
    20.0-180.0 180.0   5.0 450.0                            LAT/LON1/LON2/DLON/H
   49   44   39   33   28   21   15   10   7   6   7   6   5   5   5   6
   8   10   12   14   16   16   16   16   16   16   16   16   17   20   24   28
   31   34   38   43   49   53   57   60   64   68   72   75   78   80   82   84
   88   93   99   104   108   110   111   109   107   104   101   97   93   88   83   79
   75   72   68   64   61   58   55   53   49
    17.5-180.0 180.0   5.0 450.0                            LAT/LON1/LON2/DLON/H
   59   56   51   46   40   33   26   19   15   12   11   9   7   5   5   6
   8   10   13   16   18   19   19   19   19   19   18   18   19   22   26   31
   34   36   39   44   49   53   57   61   65   69   74   78   81   83   85   88
   91   95   99   103   106   107   107   106   104   102   101   99   97   93   90   87
   84   81   77   73   68   65   63   62   59
    15.0-180.0 180.0   5.0 450.0                            LAT/LON1/LON2/DLON/H
   66   64   61   57   52   45   38   30   25   22   18   15   10   8   7   7
   8   11   14   17   19   21   21   21   21   21   20   20   21   24   28   32
   35   37   40   44   49   53   58   62   66   71   75   79   82   85   87   89
   92   94   96   98   100   100   100   99   98   98   98   99   98   96   94   92
   91   88   84   79   74   71   69   67   66
    12.5-180.0 180.0   5.0 450.0                            LAT/LON1/LON2/DLON/H
   69   68   66   64   61   55   48   41   36   32   27   22   16   12   10   9
   10   12   15   18   21   22   23   23   23   23   22   21   22   25   29   34
   36   38   41   44   49   54   58   63   67   72   76   80   83   86   88   90
   91   92   93   93   93   93   93   92   92   93   95   97   97   97   96   96
   95   93   89   83   78   74   71   70   69
    10.0-180.0 180.0   5.0 450.0                            LAT/LON1/LON2/DLON/H
   68   68   67   66   64   61   56   50   46   42   37   30   23   18   15   13
   13   14   16   19   21   23   24   24   25   25   24   23   23   26   30   34
   37   39   41   44   49   54   59   64   69   73   77   80   83   86   88   90
   91   90   89   89   88   88   88   88   88   90   93   95   96   96   96   96
   96   94   90   85   79   74   71   69   68
     7.5-180.0 180.0   5.0 450.0                            LAT/LON1/LON2/DLON/H
   66   65   65   64   64   62   59   56   53   49   44   37   30   24   20   18
   17   16   17   19   21   22   23   25   26   26   25   24   24   27   30   35
   38   39   42   45   50   56   61   65   70   73   77   80   82   85   88   90
   90   89   88   87   88   88   88   88   88   90   93   95   96   95   95   95
   94   93   89   84   78   73   69   67   66
     5.0-180.0 180.0   5.0 450.0                            LAT/LON1/LON2/DLON/H
   63   62   62   61   61   60   59   57   56   53   49   43   36   30   25   22
   20   19   18   19   20   21   22   24   26   27   26   25   25   27   31   35
   38   40   43   46   52   57   63   67   70   73   76   78   81   84   87   89
   90   90   89   90   91   92   92   92   92   93   95   96   95   93   92   91
   90   89   85   81   76   71   67   64   63
     2.5-180.0 180.0   5.0 450.0                            LAT/LON1/LON2/DLON/H
   61   60   59   58   58   57   57   56   56   55   51   45   39   33   29   26
   23   21   19   18   19   19   21   23   25   27   27   26   26   28   32   36
   39   41   44   48   53   59   64   67   70   72   74   76   79   82   86   89
   90   91   92   94   97   99   99   98   98   98   98   98   95   92   89   87
   85   83   80   77   73   69   65   63   61
     0.0-180.0 180.0   5.0 450.0                            LAT/LON1/LON2/DLON/H
   62   61   60   58   56   55   55   55   55   53   50   45   40   35   31   28
   25   22   20   18   18   18   19   22   24   27   27   27   27   29   33   37
   40   43   45   49   55   60   65   67   69   70   72   73   76   80   84   88
   91   93   95   99   104   106   106   105   103   102   102   99   95   90   85   81
   78   76   74   72   70   67   64   62   62
    -2.5-180.0 180.0   5.0 450.0                            LAT/LON1/LON2/DLON/H
   63   64   62   60   57   56   54   54   53   51   48   44   39   35   32   29
