gLAB/files/disturbance/27_10_2014/dmdc_euv72h_shift2g3000.14i
     1.0            IONOSPHERE MAPS     GNSS                IONEX VERSION / TYPE
IONINX V5.3         AIUB                27-OCT-14 07:49     PGM / RUN BY / DATE 
CODE'S 1-DAY PREDICTED IONOSPHERE MAPS FOR DAY 300, 2014    COMMENT             
Global ionosphere maps (GIM) are generated on a daily basis DESCRIPTION         
at CODE using data from about 150 GPS sites of the IGS and  DESCRIPTION         
other institutions. The vertical total electron content     DESCRIPTION         
(VTEC) is modeled in a solar-geomagnetic reference frame    DESCRIPTION         
using a spherical harmonics expansion up to degree and      DESCRIPTION         
order 15. Piece-wise linear functions are used for          DESCRIPTION         
representation in the time domain. The time spacing of      DESCRIPTION         
their vertices is 2 hours, conforming with the epochs of    DESCRIPTION         
the VTEC maps. Instrumental biases, so-called differential  DESCRIPTION         
P1-P2 code biases (DCB), for all GPS satellites and ground  DESCRIPTION         
stations are estimated as constant values for each day,     DESCRIPTION         
simultaneously with the 13 times 256, or 3328 parameters    DESCRIPTION         
used to represent the global VTEC distribution. The DCB     DESCRIPTION         
datum is defined by a zero-mean condition imposed on the    DESCRIPTION         
satellite bias estimates. P1-C1 bias corrections are taken  DESCRIPTION         
into account if needed. To convert line-of-sight TEC into   DESCRIPTION         
vertical TEC, a modified single-layer model mapping         DESCRIPTION         
function approximating the JPL extended slab model mapping  DESCRIPTION         
function is adopted. The mapping function is evaluated at   DESCRIPTION         
geodetic satellite elevation angles. For the computation of DESCRIPTION         
the ionospheric pierce points, a spherical layer with a     DESCRIPTION         
radius of 6821 km is assumed, implying geocentric, not      DESCRIPTION         
geodetic IONEX latitudes.                                   DESCRIPTION         
Contact address: stefan.schaer or code @aiub.unibe.ch       DESCRIPTION         
Web page:        www.aiub.unibe.ch/content/ionosphere/      DESCRIPTION         
Data archive:    ftp.unibe.ch/aiub/CODE/                    DESCRIPTION         
  2014    10    27     0     0     0                        EPOCH OF FIRST MAP  
  2014    10    28     0     0     0                        EPOCH OF LAST MAP   
  7200                                                      INTERVAL            
    13                                                      # OF MAPS IN FILE   
  NONE                                                      MAPPING FUNCTION    
    10.0                                                    ELEVATION CUTOFF    
One-way carrier phase leveled to code                       OBSERVABLES USED    
  6371.0                                                    BASE RADIUS         
     2                                                      MAP DIMENSION       
   450.0 450.0   0.0                                        HGT1 / HGT2 / DHGT  
    87.5 -87.5  -2.5                                        LAT1 / LAT2 / DLAT  
  -180.0 180.0   5.0                                        LON1 / LON2 / DLON  
    -1                                                      EXPONENT            
TEC/RMS values in 0.1 TECU; 9999, if no value available     COMMENT             
                                                            END OF HEADER       
[from data line 2574]
     7                                                      START OF TEC MAP    
  2014    10    27    12     0     0                        EPOCH OF CURRENT MAP
    87.5-180.0 180.0   5.0 450.0                            LAT/LON1/LON2/DLON/H
   17   17   17   17   17   17   17   17   17   17   17   17   17   17   17   17
   17   17   17   17   17   17   17   17   17   17   17   17   17   16   16   16
   16   16   16   16   16   16   16   16   15   15   15   15   15   15   15   15
   15   15   15   15   15   15   15   15   15   15   16   16   16   16   16   16
   16   16   16   16   16   17   17   17   17
    85.0-180.0 180.0   5.0 450.0                            LAT/LON1/LON2/DLON/H
   16   16   16   16   16   16   16   16   16   16   17   17   17   17   17   17
   17   17   17   17   16   16   16   16   16   16   16   16   16   16   16   16
   16   15   15   15   15   15   14   14   14   14   14   14   14   14   14   14
   13   13   13   13   13   13   13   14   14   14   14   14   14   14   15   15
   15   15   15   15   15   16   16   16   16
    82.5-180.0 180.0   5.0 450.0                            LAT/LON1/LON2/DLON/H
   14   14   14   14   14   14   15   15   15   15   15   14   15   15   15   15
   15   15   15   15   15   15   15   15   15   16   16   16   16   15   15   15
   15   15   15   14   14   14   14   14   13   13   13   13   12   12   12   12
   12   12   12   12   12   12   12   12   12   12   12   13   13   13   13   13
   13   13   14   14   14   14   14   14   14
    80.0-180.0 180.0   5.0 450.0                            LAT/LON1/LON2/DLON/H
   12   12   12   12   12   12   12   12   12   12   12   12   12   12   12   12
   12   12   13   13   13   14   14   14   15   15   15   15   15   15   15   15
   15   15   15   15   14   14   14   14   13   13   13   12   12   12   12   11
   11   11   11   11   11   11   11   11   11   11   11   11   11   11   11   12
   12   12   12   12   12   12   12   12   12
    77.5-180.0 180.0   5.0 450.0                            LAT/LON1/LON2/DLON/H
   10   10   10   10   10   10   10   10   9   9   9   9   9   9   9   9
   9   10   10   11   11   12   13   13   14   14   15   15   15   16   16   16
   16   16   16   16   16   16   15   15   14   14   14   13   13   12   12   12
   11   11   11   11   11   11   11   11   11   11   11   11   11   11   10   10
   10   10   10   10   10   10   10   10   10
    75.0-180.0 180.0   5.0 450.0                            LAT/LON1/LON2/DLON/H
   9   8   8   8   8   8   8   8   7   7   7   6   6   6   6   6
   6   7   8   8   9   10   11   12   13   14   15   15   16   17   17   18
   18   18   19   19   19   18   18   17   17   16   15   15   14   14   13   13
   12   12   12   12   12   12   11   11   11   11   11   11   10   10   10   10
   10   10   9   9   9   9   9   9   9
    72.5-180.0 180.0   5.0 450.0                            LAT/LON1/LON2/DLON/H
   8   7   7   7   7   7   7   7   6   6   5   4   4   4   3   4
   4   4   5   6   8   9   10   12   13   14   15   16   17   18   19   20
   20   21   21   22   22   21   21   20   20   19   18   17   16   16   15   14
   14   14   13   13   13   13   12   12   12   11   11   11   11   10   10   10
   9   9   9   9   8   8   8   8   8
    70.0-180.0 180.0   5.0 450.0                            LAT/LON1/LON2/DLON/H
   7   7   7   7   7   7   7   6   6   5   4   4   3   2   2   2
   2   3   4   5   7   8   10   11   13   14   16   17   18   19   20   21
   23   23   24   25   25   25   24   23   23   21   20   19   18   17   17   16
   16   15   15   14   14   14   13   13   12   12   11   11   11   11   10   10
   10   9   9   9   8   8   8   7   7
    67.5-180.0 180.0   5.0 450.0                            LAT/LON1/LON2/DLON/H
   7   7   7   7   7   7   7   7   6   6   5   4   3   2   2   1
   2   2   3   4   6   8   9   11   13   15   16   18   19   20   22   23
   24   26   27   28   28   28   27   26   25   24   23   21   20   19   18   18
   17   16   16   15   15   14   14   13   12   12   12   11   11   11   10   10
   10   10   9   9   9   8   8   7   7
    65.0-180.0 180.0   5.0 450.0                            LAT/LON1/LON2/DLON/H
   7   7   7   7   7   8   8   8   7   6   6   5   4   3   2   1
   1   2   3   4   5   7   9   11   13   15   16   18   20   21   23   25
   26   28   29   30   30   30   30   29   28   26   25   23   22   21   20   19
   18   17   17   16   15   14   14   13   12   12   11   11   11   11   10   10
   10   9   9   9   8   8   7   7   7
    62.5-180.0 180.0   5.0 450.0                            LAT/LON1/LON2/DLON/H
   6   6   6   6   7   8   8   8   8   7   7   6   5   4   3   2
   2   2   3   4   5   7   9   11   13   15   16   18   20   22   24   26
   28   30   31   32   33   32   32   31   30   28   27   26   24   23   22   20
   19   18   17   16   15   14   13   12   11   11   11   10   10   10   10   10
   9   9   9   8   8   8   7   7   6
    60.0-180.0 180.0   5.0 450.0                            LAT/LON1/LON2/DLON/H
   6   5   5   6   6   7   8   8   8   8   7   7   6   4   3   3
   2   2   3   4   5   7   9   11   13   15   17   19   21   23   26   28
   30   32   33   34   35   35   34   33   32   31   29   28   27   25   23   22
   21   20   18   17   16   14   13   12   11   10   10   10   10   10   10   9
   9   8   8   8   7   7   6   6   6
    57.5-180.0 180.0   5.0 450.0                            LAT/LON1/LON2/DLON/H
   5   5   5   5   6   6   7   8   8   8   8   7   6   5   4   3
   3   3   3   4   5   7   9   11   13   15   17   20   22   25   28   30
   33   34   36   37   37   37   36   36   35   34   32   31   29   28   26   25
   23   21   20   18   16   15   13   12   11   10   10   10   11   10   10   9
   9   8   7   7   7   6   6   5   5
    55.0-180.0 180.0   5.0 450.0                            LAT/LON1/LON2/DLON/H
   5   4   4   4   5   5   6   7   7   8   8   7   7   6   5   4
   3   3   3   4   6   7   9   11   14   16   18   21   24   27   30   33
   36   38   39   40   40   39   39   38   38   37   36   35   33   31   29   27
   26   24   22   20   18   16   14   13   12   11   11   12   12   11   11   10
   9   8   7   7   6   6   6   5   5
    52.5-180.0 180.0   5.0 450.0                            LAT/LON1/LON2/DLON/H
   5   5   5   4   5   5   5   6   7   7   7   7   7   7   6   5
   4   4   4   5   6   8   10   12   14   17   19   22   26   30   33   36
   39   41   42   42   42   42   42   42   41   41   40   38   37   35   33   30
   28   26   24   22   20   18   16   14   13   13   13   14   14   13   12   11
   10   9   8   7   7   6   6   6   5
    50.0-180.0 180.0   5.0 450.0                            LAT/LON1/LON2/DLON/H
   7   6   6   5   5   5   5   6   6   7   7   8   8   7   7   6
   5   5   5   6   7   9   11   13   16   18   21   24   28   32   36   39
   42   44   45   45   45   45   45   45   44   44   43   42   40   38   36   33
   31   28   26   24   22   20   18   16   16   15   16   16   16   16   15   13
   11   10   9   8   8   8   7   7   7
    47.5-180.0 180.0   5.0 450.0                            LAT/LON1/LON2/DLON/H
   9   8   8   7   6   6   6   6   6   7   7   8   8   8   7   7
   6   6   6   7   8   10   12   15   17   20   23   26   30   34   38   41
   44   46   47   47   47   47   47   47   47   47   46   45   43   41   38   35
   33   30   28   26   24   21   20   18   18   18   18   18   19   18   17   15
   14   12   11   10   9   9   9   9   9
    45.0-180.0 180.0   5.0 450.0                            LAT/LON1/LON2/DLON/H
   10   10   10   9   8   7   7   7   7   7   8   9   9   9   9   8
   8   7   8   8   10   12   14   16   19   21   24   28   31   36   39   43
   45   47   47   48   48   49   49   49   49   49   48   47   45   43   40   37
   34   32   29   27   25   23   21   20   19   19   20   20   20   20   19   17
   15   14   12   11   11   11   10   11   10
    42.5-180.0 180.0   5.0 450.0                            LAT/LON1/LON2/DLON/H
   12   12   12   11   10   9   9   8   8   8   9   9   10   10   10   10
   9   9   9   10   11   13   15   17   20   23   26   29   33   36   40   43
   45   47   48   49   49   50   51   51   50   50   49   48   46   44   41   38
   36   33   31   29   26   24   22   21   20   20   20   21   21   21   20   18
   17   15   14   13   12   11   11   12   12
    40.0-180.0 180.0   5.0 450.0                            LAT/LON1/LON2/DLON/H
   12   12   12   12   11   11   10   9   9   9   10   10   11   11   11   11
   11   11   11   12   13   15   17   19   22   25   28   31   34   37   40   43
   45   46   48   49   51   52   52   52   52   52   51   50   48   46   43   40
   38   35   33   31   28   26   24   22   21   20   21   21   21   21   20   19
   17   16   14   13   12   12   11   11   12
    37.5-180.0 180.0   5.0 450.0                            LAT/LON1/LON2/DLON/H
   11   11   12   12   11   11   10   10   10   10   11   12   12   12   12   12
   12   13   13   14   15   16   18   21   24   27   30   32   35   37   40   43
   44   46   48   50   52   54   55   55   55   54   53   52   51   49   46   44
   41   39   37   34   32   29   26   24   23   22   21   21   21   20   20   19
   18   16   15   13   12   11   11   11   11
    35.0-180.0 180.0   5.0 450.0                            LAT/LON1/LON2/DLON/H
   9   10   10   10   10   10   10   10   10   10   11   12   13   13   13   13
   14   14   15   15   17   18   20   22   26   29   32   34   36   38   40   43
   45   47   50   53   56   58   58   59   58   58   58   57   55   53   51   49
   47   45   43   41   38   35   32   29   26   24   23   22   21   21   20   20
   19   17   16   14   13   11   10   9   9
    32.5-180.0 180.0   5.0 450.0                            LAT/LON1/LON2/DLON/H
   8   8   8   8   8   8   8   8   9   10   11   13   13   14   14   14
   14   15   16   17   18   19   21   24   28   31   34   36   37   39   42   44
   47   49   53   57   60   63   64   64   64   64   64   63   62   60   59   57
   55   54   52   50   47   43   39   36   32   30   27   25   24   23   23   22
   21   20   18   17   14   12   10   9   8
    30.0-180.0 180.0   5.0 450.0                            LAT/LON1/LON2/DLON/H
   9   8   7   6   6   6   6   6   7   9   11   13   13   14   14   14
   14   15   16   18   20   21   23   26   30   33   36   37   39   41   44   47
   50   53   57   62   67   69   70   71   71   71   71   71   70   69   68   67
   66   65   64   62   59   55   50   45   41   37   33   31   29   28   27   26
   25   24   23   21   18   15   12   10   9
    27.5-180.0 180.0   5.0 450.0                            LAT/LON1/LON2/DLON/H
   11   9   7   6   4   4   4   4   5   7   9   12   13   13   13   14
   14   15   17   19   21   23   25   28   32   35   38   39   41   43   47   50
   54   58   63   69   74   77   78   78   79   79   79   79   79   79   79   79
   78   78   77   75   71   67   62   56   51   46   42   38   36   35   34   33
   32   30   29   27   25   21   17   14   11
    25.0-180.0 180.0   5.0 450.0                            LAT/LON1/LON2/DLON/H
   17   13   10   7   5   3   3   3   3   5   8   10   12   13   13   13
   14   16   17   20   22   24   27   30   34   37   39   41   43   46   51   55
   59   64   70   76   81   84   84   85   85   86   87   87   88   88   89   90
   90   90   89   86   83   78   73   66   60   55   50   47   44   43   41   40
   39   38   37   35   32   29   25   21   17
    22.5-180.0 180.0   5.0 450.0                            LAT/LON1/LON2/DLON/H
   24   19   15   11   7   4   3   2   2   4   6   9   11   12   13   13
   15   16   19   21   24   27   29   32   36   39   41   42   45   50   55   60
   65   70   76   82   87   89   90   90   91   92   93   94   95   96   97   98
   98   98   97   94   91   86   80   74   68   63   58   55   53   51   49   48
   47   45   44   43   41   37   33   28   24
    20.0-180.0 180.0   5.0 450.0                            LAT/LON1/LON2/DLON/H
   31   26   21   16   11   7   4   3   2   3   5   8   10   12   13   14
   16   18   20   24   27   29   32   35   38   40   42   44   48   54   60   65
   70   75   80   86   91   92   92   93   94   96   97   98   99   101   102   103
   102   101   99   97   94   90   84   78   72   68   64   61   60   58   56   54
   53   51   51   49   48   44   40   36   31
    17.5-180.0 180.0   5.0 450.0                            LAT/LON1/LON2/DLON/H
   37   32   27   22   16   11   7   5   4   4   6   8   10   12   14   16
   18   20   23   26   30   32   35   38   40   42   44   47   51   58   65   70
   75   79   83   88   92   93   93   94   95   97   99   100   101   102   103   102
   101   99   96   94   92   88   84   78   74   70   68   66   65   63   61   59
   57   56   55   53   52   49   45   41   37
    15.0-180.0 180.0   5.0 450.0                            LAT/LON1/LON2/DLON/H
   40   36   32   26   21   15   11   8   6   6   7   8   10   13   15   18
   21   23   27   30   33   37   39   41   43   45   47   50   55   62   69   75
   78   81   84   88   90   91   92   93   95   97   98   99   100   100   100   98
   95   92   89   87   86   83   80   76   72   70   69   68   68   66   64   62
   59   57   56   55   53   51   47   44   40
    12.5-180.0 180.0   5.0 450.0                            LAT/LON1/LON2/DLON/H
   40   37   34   29   24   19   15   11   10   9   9   10   12   14   17   21
   24   27   30   34   38   41   43   45   47   49   51   54   60   67   74   78
   81   82   84   86   88   89   90   92   94   96   97   97   97   97   95   91
   88   84   81   79   78   77   75   72   70   69   69   69   69   67   65   62
   60   57   56   54   52   50   46   43   40
    10.0-180.0 180.0   5.0 450.0                            LAT/LON1/LON2/DLON/H
   39   37   34   30   26   22   18   15   13   12   11   12   14   16   20   23
   27   30   34   38   42   45   48   50   52   53   56   60   65   72   78   81
   82   83   83   84   86   87   89   91   94   96   96   95   94   93   90   85
   81   77   74   73   73   72   71   69   68   67   68   68   68   67   64   62
   59   56   54   52   50   47   44   41   39
     7.5-180.0 180.0   5.0 450.0                            LAT/LON1/LON2/DLON/H
   37   35   33   30   27   23   20   18   16   14   14   14   15   18   22   26
   29   33   37   41   45   49   52   54   56   59   62   66   71   76   81   83
   84   83   83   84   85   87   89   92   94   96   96   95   93   90   86   82
   78   74   71   70   70   70   70   68   66   66   66   67   66   65   63   60
   58   55   52   51   48   46   42   39   37
     5.0-180.0 180.0   5.0 450.0                            LAT/LON1/LON2/DLON/H
   36   35   33   30   27   24   22   19   17   16   15   15   17   20   23   27
   30   34   38   43   48   51   54   57   60   63   67   71   76   80   84   85
   85   84   83   84   86   88   91   94   96   97   96   95   93   90   87   83
   79   75   73   72   72   71   70   69   67   66   65   65   64   63   61   59
   57   54   52   50   48   46   42   39   36
     2.5-180.0 180.0   5.0 450.0                            LAT/LON1/LON2/DLON/H
   38   36   33   30   28   25   23   21   18   17   16   16   17   20   23   26
   30   33   38   43   48   52   56   59   63   67   71   75   79   83   85   86
   86   85   85   85   87   90   93   96   98   99   98   97   95   93   90   86
   83   81   78   77   76   75   73   71   68   66   65   64   62   61   59   58
   56   54   52   51   51   49   45   42   38
     0.0-180.0 180.0   5.0 450.0                            LAT/LON1/LON2/DLON/H
   43   40   36   32   29   26   24   21   18   16   15   15   17   19   22   24
   27   30   35   40   46   51   55   59   64   69   74   77   80   83   85   86
   86   86   86   87   90   93   96   98   100   100   100   99   98   96   94   92
   90   87   85   83   81   79   77   73   70   66   64   62   60   59   58   57
   55   54   53   53   54   53   50   46   43
