gLAB/files/disturbance/27_10_2014/dmdc_euv72h_shift2g3000.14i
     1.0            IONOSPHERE MAPS     GNSS                IONEX VERSION / TYPE
IONINX V5.3         AIUB                27-OCT-14 07:49     PGM / RUN BY / DATE 
CODE'S 1-DAY PREDICTED IONOSPHERE MAPS FOR DAY 300, 2014    COMMENT             
Global ionosphere maps (GIM) are generated on a daily basis DESCRIPTION         
at CODE using data from about 150 GPS sites of the IGS and  DESCRIPTION         
other institutions. The vertical total electron content     DESCRIPTION         
(VTEC) is modeled in a solar-geomagnetic reference frame    DESCRIPTION         
using a spherical harmonics expansion up to degree and      DESCRIPTION         
order 15. Piece-wise linear functions are used for          DESCRIPTION         
representation in the time domain. The time spacing of      DESCRIPTION         
their vertices is 2 hours, conforming with the epochs of    DESCRIPTION         
the VTEC maps. Instrumental biases, so-called differential  DESCRIPTION         
P1-P2 code biases (DCB), for all GPS satellites and ground  DESCRIPTION         
stations are estimated as constant values for each day,     DESCRIPTION         
simultaneously with the 13 times 256, or 3328 parameters    DESCRIPTION         
used to represent the global VTEC distribution. The DCB     DESCRIPTION         
datum is defined by a zero-mean condition imposed on the    DESCRIPTION         
satellite bias estimates. P1-C1 bias corrections are taken  DESCRIPTION         
into account if needed. To convert line-of-sight TEC into   DESCRIPTION         
vertical TEC, a modified single-layer model mapping         DESCRIPTION         
function approximating the JPL extended slab model mapping  DESCRIPTION         
function is adopted. The mapping function is evaluated at   DESCRIPTION         
geodetic satellite elevation angles. For the computation of DESCRIPTION         
the ionospheric pierce points, a spherical layer with a     DESCRIPTION         
radius of 6821 km is assumed, implying geocentric, not      DESCRIPTION         
geodetic IONEX latitudes.                                   DESCRIPTION         
Contact address: stefan.schaer or code @aiub.unibe.ch       DESCRIPTION         
Web page:        www.aiub.unibe.ch/content/ionosphere/      DESCRIPTION         
Data archive:    ftp.unibe.ch/aiub/CODE/                    DESCRIPTION         
  2014    10    27     0     0     0                        EPOCH OF FIRST MAP  
  2014    10    28     0     0     0                        EPOCH OF LAST MAP   
  7200                                                      INTERVAL            
    13                                                      # OF MAPS IN FILE   
  NONE                                                      MAPPING FUNCTION    
    10.0                                                    ELEVATION CUTOFF    
One-way carrier phase leveled to code                       OBSERVABLES USED    
  6371.0                                                    BASE RADIUS         
     2                                                      MAP DIMENSION       
   450.0 450.0   0.0                                        HGT1 / HGT2 / DHGT  
    87.5 -87.5  -2.5                                        LAT1 / LAT2 / DLAT  
  -180.0 180.0   5.0                                        LON1 / LON2 / DLON  
    -1                                                      EXPONENT            
TEC/RMS values in 0.1 TECU; 9999, if no value available     COMMENT             
                                                            END OF HEADER       
[from data line 4719]
    12                                                      START OF TEC MAP    
  2014    10    27    22     0     0                        EPOCH OF CURRENT MAP
    87.5-180.0 180.0   5.0 450.0                            LAT/LON1/LON2/DLON/H
   14   14   14   14   14   14   14   15   15   15   15   15   15   15   15   15
   15   15   15   15   15   15   15   15   15   14   14   14   14   14   14   13
   13   13   13   13   13   13   12   12   12   12   12   12   12   12   12   12
   12   12   12   12   12   12   12   12   12   12   12   12   12   12   12   12
   13   13   13   13   13   13   13   13   14
    85.0-180.0 180.0   5.0 450.0                            LAT/LON1/LON2/DLON/H
   14   14   15   15   15   15   16   16   16   17   17   17   17   17   17   17
   17   17   17   17   17   17   17   16   16   16   16   15   15   15   14   14
   13   13   13   13   12   12   12   12   11   11   11   11   11   11   11   11
   11   11   11   11   11   11   11   11   11   11   11   11   12   12   12   12
   12   12   13   13   13   13   13   14   14
    82.5-180.0 180.0   5.0 450.0                            LAT/LON1/LON2/DLON/H
   14   14   15   15   16   16   17   17   18   18   18   19   19   19   20   20
   20   20   19   19   19   19   18   18   18   17   17   16   16   15   15   14
   14   13   13   13   12   12   12   12   11   11   11   11   11   11   11   11
   11   11   11   11   11   11   11   11   11   11   11   11   11   12   12   12
   12   12   12   13   13   13   13   14   14
    80.0-180.0 180.0   5.0 450.0                            LAT/LON1/LON2/DLON/H
   14   15   15   16   16   17   18   18   19   19   20   20   21   21   21   21
   21   21   21   21   20   20   20   19   19   18   18   17   16   16   15   15
   14   13   13   13   12   12   12   12   12   12   12   12   11   11   11   11
   12   11   11   11   11   11   11   11   11   11   11   11   11   11   11   12
   12   12   12   12   13   13   13   14   14
    77.5-180.0 180.0   5.0 450.0                            LAT/LON1/LON2/DLON/H
   14   15   15   16   17   18   18   19   20   21   21   22   22   23   23   23
   22   22   22   21   21   20   20   19   19   18   18   17   16   16   15   14
   14   13   13   13   12   12   12   12   12   12   12   12   12   12   12   12
   12   12   12   12   12   12   12   12   12   12   11   11   11   11   11   11
   11   12   12   12   12   13   13   14   14
    75.0-180.0 180.0   5.0 450.0                            LAT/LON1/LON2/DLON/H
   15   15   16   17   18   19   19   20   21   22   23   23   24   24   24   23
   23   22   22   21   21   20   20   19   19   18   18   17   16   15   15   14
   13   13   13   12   12   12   12   13   13   13   13   13   13   13   13   13
   13   13   13   13   13   13   13   12   12   12   11   11   11   11   11   11
   11   11   11   12   12   13   13   14   15
    72.5-180.0 180.0   5.0 450.0                            LAT/LON1/LON2/DLON/H
   15   16   17   18   19   20   21   22   23   24   24   25   25   25   24   24
   23   22   21   20   20   19   19   18   18   17   17   16   15   14   14   13
   12   12   11   11   12   12   12   12   13   13   13   13   14   14   14   14
   14   14   14   14   14   13   13   12   12   12   11   11   10   10   10   10
   10   10   11   11   12   13   14   14   15
    70.0-180.0 180.0   5.0 450.0                            LAT/LON1/LON2/DLON/H
   16   17   18   19   20   21   22   23   24   25   26   26   26   26   25   24
   23   21   20   19   19   18   18   17   17   16   16   15   14   13   12   11
   10   10   10   10   10   10   11   11   12   12   13   13   13   13   14   14
   14   14   14   14   14   13   13   12   12   11   11   10   10   9   9   9
   9   10   10   11   12   13   14   15   16
    67.5-180.0 180.0   5.0 450.0                            LAT/LON1/LON2/DLON/H
   17   19   20   21   22   23   24   25   26   27   27   28   28   27   26   25
   23   22   20   19   18   18   17   17   16   16   15   14   13   12   10   9
   9   8   8   8   8   9   9   10   10   11   11   12   12   12   13   13
   13   14   14   14   13   13   13   12   11   11   10   9   9   9   8   8
   9   9   10   11   12   13   15   16   17
    65.0-180.0 180.0   5.0 450.0                            LAT/LON1/LON2/DLON/H
   19   20   21   23   23   24   25   26   27   28   29   29   29   29   28   26
   24   22   21   20   19   18   18   17   16   16   14   13   12   10   9   8
   7   6   6   6   6   6   7   7   8   8   9   10   10   11   11   12
   12   13   13   13   13   12   12   11   11   10   9   9   8   8   8   8
   8   9   10   11   12   14   15   17   19
    62.5-180.0 180.0   5.0 450.0                            LAT/LON1/LON2/DLON/H
   20   22   23   24   25   26   27   27   28   29   30   31   31   30   29   28
   26   24   23   21   20   20   19   18   17   16   14   13   11   9   8   7
   5   5   4   4   4   5   5   5   6   6   7   7   8   9   9   10
   11   11   11   12   11   11   11   11   10   10   9   9   8   8   8   8
   8   9   10   11   13   14   16   18   20
    60.0-180.0 180.0   5.0 450.0                            LAT/LON1/LON2/DLON/H
   21   23   25   26   27   28   28   29   29   30   31   32   32   32   31   30
   28   27   25   24   23   22   21   20   18   16   15   13   11   9   8   7
   5   4   4   3   4   4   4   4   4   5   5   6   6   7   8   8
   9   10   10   10   10   10   10   10   10   10   9   9   8   8   8   9
   9   10   11   12   14   15   17   19   21
    57.5-180.0 180.0   5.0 450.0                            LAT/LON1/LON2/DLON/H
   23   25   26   28   29   29   30   30   30   31   32   32   33   33   33   32
   31   30   29   27   26   25   23   22   20   18   16   14   12   11   9   8
   6   5   5   4   4   3   3   3   3   4   4   4   5   5   6   7
   8   8   9   9   9   10   10   10   10   10   10   9   9   9   10   10
   11   12   12   14   15   17   19   21   23
    55.0-180.0 180.0   5.0 450.0                            LAT/LON1/LON2/DLON/H
   25   27   29   30   31   32   32   32   32   32   33   33   34   35   35   35
   34   33   32   31   30   28   26   24   21   19   17   16   15   13   12   10
   9   7   6   5   5   4   4   4   4   4   3   4   4   5   5   6
   7   7   8   9   9   10   10   10   11   11   11   10   11   11   12   12
   13   14   15   16   18   19   21   23   25
    52.5-180.0 180.0   5.0 450.0                            LAT/LON1/LON2/DLON/H
   27   29   31   33   34   35   36   35   35   34   34   34   35   36   36   37
   36   36   35   34   33   31   28   26   23   21   20   19   17   16   14   13
   11   9   8   7   6   6   5   5   5   4   4   4   4   4   5   6
   7   7   8   9   10   10   11   11   12   12   12   12   13   13   14   15
   16   17   18   19   21   22   24   26   27
    50.0-180.0 180.0   5.0 450.0                            LAT/LON1/LON2/DLON/H
   30   32   34   36   38   39   40   39   38   37   36   36   36   37   38   38
   38   38   37   37   35   33   31   28   26   24   22   21   20   19   17   15
   12   10   9   8   7   7   7   6   6   5   5   4   4   5   5   6
   7   8   9   10   10   11   12   13   14   14   14   14   15   15   16   18
   19   20   21   23   24   26   27   29   30
    47.5-180.0 180.0   5.0 450.0                            LAT/LON1/LON2/DLON/H
   34   36   37   40   41   43   44   43   42   41   39   38   38   38   39   39
   39   39   39   38   37   35   32   30   28   26   25   24   23   21   18   16
   13   11   9   8   8   8   8   8   7   6   6   5   5   5   6   7
   8   9   10   11   12   13   14   15   15   16   16   17   17   18   19   20
   22   23   25   26   28   29   31   33   34
    45.0-180.0 180.0   5.0 450.0                            LAT/LON1/LON2/DLON/H
   38   39   41   43   45   46   47   47   46   45   43   41   40   40   40   40
   40   40   40   39   38   36   34   32   30   28   27   25   24   21   18   15
   12   10   9   8   8   9   9   9   8   7   6   6   6   6   7   8
   9   10   11   12   13   14   15   16   17   18   19   19   19   20   21   23
   24   26   28   29   31   33   35   36   38
    42.5-180.0 180.0   5.0 450.0                            LAT/LON1/LON2/DLON/H
   41   42   44   45   47   49   50   51   50   48   46   44   42   41   41   41
   41   41   40   40   39   37   35   34   32   30   28   26   23   20   17   14
   11   9   8   8   9   9   10   9   9   8   7   6   7   7   8   9
   10   11   12   13   14   15   16   18   19   20   20   21   22   22   23   25
   26   28   30   32   34   36   38   40   41
    40.0-180.0 180.0   5.0 450.0                            LAT/LON1/LON2/DLON/H
   44   45   46   47   48   50   52   53   52   51   49   46   45   43   42   42
   41   41   41   40   39   38   37   35   33   31   29   26   22   19   15   13
   10   9   9   9   10   10   10   10   9   8   8   7   8   8   9   10
   10   11   12   13   14   16   17   18   20   21   22   22   23   24   25   26
   28   30   32   34   36   38   40   42   44
    37.5-180.0 180.0   5.0 450.0                            LAT/LON1/LON2/DLON/H
   46   47   48   49   50   51   52   54   54   53   51   49   47   46   45   44
   43   42   42   41   41   40   38   37   35   32   29   25   22   18   15   13
   12   11   11   12   12   12   12   12   11   10   9   9   9   9   10   11
   11   12   12   13   14   16   17   18   20   21   22   23   24   25   26   28
   29   31   33   35   37   39   42   44   46
    35.0-180.0 180.0   5.0 450.0                            LAT/LON1/LON2/DLON/H
   47   49   50   50   51   51   53   54   55   54   53   52   50   49   48   46
   45   44   44   43   42   41   40   38   36   33   29   26   22   20   18   17
   17   17   17   17   16   16   15   14   13   12   11   11   11   11   11   11
   12   12   12   13   14   15   17   18   20   21   22   23   25   26   27   29
   30   32   34   36   38   40   43   45   47
    32.5-180.0 180.0   5.0 450.0                            LAT/LON1/LON2/DLON/H
   49   51   52   52   52   53   54   55   56   56   55   54   53   52   51   49
   48   47   46   45   44   43   41   39   37   33   30   27   25   24   24   25
   25   25   25   23   22   20   19   18   17   16   15   14   13   13   13   13
   13   12   13   13   14   15   16   18   19   20   21   23   24   26   28   30
   32   34   35   37   39   41   43   46   49
    30.0-180.0 180.0   5.0 450.0                            LAT/LON1/LON2/DLON/H
   51   53   55   55   55   55   56   57   57   57   57   57   56   55   54   53
   51   50   49   47   46   45   43   40   38   35   32   31   31   32   34   36
   37   36   34   32   29   27   25   23   22   20   19   18   17   16   15   14
   14   13   13   13   14   15   16   17   18   19   20   21   24   27   29   32
   34   35   37   39   41   42   45   48   51
    27.5-180.0 180.0   5.0 450.0                            LAT/LON1/LON2/DLON/H
   54   57   59   59   59   59   60   60   60   60   60   59   59   59   57   56
   55   53   52   50   48   46   44   42   39   37   36   37   40   43   46   49
   49   48   44   40   36   33   30   28   27   25   23   21   20   18   17   16
   15   15   14   14   14   15   16   17   18   18   19   20   23   27   31   33
   36   38   40   42   43   45   48   51   54
    25.0-180.0 180.0   5.0 450.0                            LAT/LON1/LON2/DLON/H
   59   63   64   65   65   65   65   65   65   64   63   63   63   62   61   59
   58   56   54   51   49   47   45   43   42   41   43   46   51   56   60   62
   61   57   52   47   42   38   35   32   31   29   26   24   22   20   19   18
   17   16   15   15   15   15   16   17   18   18   18   20   24   28   32   36
   38   40   43   45   47   49   52   55   59
    22.5-180.0 180.0   5.0 450.0                            LAT/LON1/LON2/DLON/H
   65   69   71   72   72   72   72   71   70   69   68   67   66   65   64   62
   60   58   55   53   50   48   47   46   46   48   51   56   63   68   72   72
   70   64   57   50   45   40   37   35   33   31   28   26   24   22   21   20
   19   18   17   16   16   16   17   18   19   19   19   21   25   30   34   38
   41   43   46   49   52   54   57   61   65
    20.0-180.0 180.0   5.0 450.0                            LAT/LON1/LON2/DLON/H
   72   76   79   80   80   80   80   79   77   75   73   72   70   69   67   64
   62   59   56   53   51   49   49   50   51   55   60   67   74   79   80   79
   73   66   58   50   44   40   37   35   33   30   28   26   24   22   22   21
   21   20   19   18   18   18   19   20   20   20   21   23   27   32   37   41
   43   46   50   53   57   60   63   67   72
    17.5-180.0 180.0   5.0 450.0                            LAT/LON1/LON2/DLON/H
   78   83   86   87   87   87   87   86   84   82   79   77   75   73   70   67
   64   61   58   55   52   52   53   55   59   64   70   76   82   85   84   80
   72   63   54   47   41   38   35   33   31   29   27   26   24   23   22   23
   23   23   21   20   20   21   22   23   23   23   24   26   30   35   40   43
   46   49   53   57   61   65   68   73   78
    15.0-180.0 180.0   5.0 450.0                            LAT/LON1/LON2/DLON/H
   82   88   91   93   93   94   94   93   91   89   86   83   80   77   74   71
   67   64   60   57   55   55   58   62   67   72   78   83   86   86   82   75
   66   56   47   41   36   34   32   30   28   27   25   25   24   23   23   24
   25   25   24   23   23   23   25   25   26   26   27   29   33   38   42   46
   49   52   56   60   65   68   72   77   82
    12.5-180.0 180.0   5.0 450.0                            LAT/LON1/LON2/DLON/H
   84   90   94   96   97   98   99   99   97   95   92   89   86   82   79   75
   72   68   64   61   60   61   64   69   74   79   83   86   85   82   75   66
   56   47   39   34   32   31   30   28   26   25   24   24   24   24   24   25
   26   27   26   25   25   26   27   28   29   29   30   32   36   41   45   48
   51   54   58   63   67   71   74   79   84
    10.0-180.0 180.0   5.0 450.0                            LAT/LON1/LON2/DLON/H
   84   90   93   96   98   100   101   102   101   100   97   95   92   88   84   81
   77   74   70   67   66   68   71   76   81   84   85   84   80   73   64   54
   46   39   33   30   29   29   29   28   26   25   24   25   25   25   25   27
   28   29   28   27   28   29   30   30   31   31   31   34   38   42   46   49
   52   55   59   64   68   71   74   79   84
     7.5-180.0 180.0   5.0 450.0                            LAT/LON1/LON2/DLON/H
   82   87   91   94   96   99   101   103   103   103   101   99   97   93   90   87
   84   81   78   75   74   75   78   82   85   86   84   79   71   63   53   45
   38   33   31   30   30   31   32   30   28   27   26   27   27   27   27   28
   30   30   30   29   29   30   31   32   32   32   32   35   38   42   46   50
   53   56   60   64   68   70   73   77   82
     5.0-180.0 180.0   5.0 450.0                            LAT/LON1/LON2/DLON/H
   79   83   87   90   93   96   99   102   103   104   104   103   101   98   95   93
   91   88   86   83   82   83   85   87   87   85   80   72   63   53   45   39
   35   33   33   34   35   37   37   35   33   31   30   30   30   30   30   30
   31   32   31   30   30   31   32   32   32   32   32   34   37   41   45   49
   52   56   59   63   66   69   71   74   79
     2.5-180.0 180.0   5.0 450.0                            LAT/LON1/LON2/DLON/H
   75   79   83   87   90   93   97   100   102   104   105   105   104   102   100   99
   97   95   93   91   89   89   89   90   88   83   75   65   56   48   42   39
   38   39   40   42   43   45   44   42   39   36   34   34   34   33   32   32
   33   33   32   30   30   31   32   32   31   31   31   33   36   39   43   48
   52   55   58   62   64   66   68   71   75
     0.0-180.0 180.0   5.0 450.0                            LAT/LON1/LON2/DLON/H
   72   76   80   84   87   91   94   98   101   104   105   106   105   105   104   103
   102   101   99   97   94   93   92   91   87   80   71   61   53   47   45   45
