gLAB/files/disturbance/27_10_2014/igs3000_norms.14i
     1.0            IONOSPHERE MAPS     MIX                 IONEX VERSION / TYPE
cmpcmb v1.2          GRL/UWM            18-nov-14 09:33     PGM / RUN BY / DATE 
ionex file containing IGS COMBINED Ionosphere maps          COMMENT             
global ionosphere maps for day 300, 2014                    DESCRIPTION         
IONEX file containing the COMBINED IGS TEC MAPS and DCBs    DESCRIPTION         
      IONEX files of the following IAACs were combined: cod DESCRIPTION         
                                                        esa DESCRIPTION         
                                                        jpl DESCRIPTION         
Contact address: Andrzej Krankowski                         DESCRIPTION
                 Geodynamics Research Laboratory            DESCRIPTION
                 University of Warmia and Mazury (GRL/UWM)  DESCRIPTION
                 Oczapowski St. 1                           DESCRIPTION
                 10-957-Olsztyn, POLAND                     DESCRIPTION
                 e-mail:  kand@uwm.edu.pl                   DESCRIPTION
                                                            DESCRIPTION         
  2014    10    27     0     0     0                        EPOCH OF FIRST MAP  
  2014    10    28     0     0     0                        EPOCH OF LAST MAP   
  7200                                                      INTERVAL            
    13                                                      # OF MAPS IN FILE   
  COSZ                                                      MAPPING FUNCTION    
     0.0                                                    ELEVATION CUTOFF    
combined TEC calculated as weighted mean of input TEC valuesOBSERVABLES USED    
   386                                                      # OF STATIONS       
    31                                                      # OF SATELLITES     
  6371.0                                                    BASE RADIUS         
     2                                                      MAP DIMENSION       
   450.0 450.0   0.0                                        HGT1 / HGT2 / DHGT  
    87.5 -87.5  -2.5                                        LAT1 / LAT2 / DLAT  
  -180.0 180.0   5.0                                        LON1 / LON2 / DLON  
    -1                                                      EXPONENT            
TEC values in 0.1 tec units;  9999, if no value available   COMMENT             
DCB values in nanoseconds, reference is Sum_of_SatDCBs = 0  COMMENT             
                                                            END OF HEADER       
[from data line 5148]
    13                                                      START OF TEC MAP    
  2014    10    28     0     0     0                        EPOCH OF CURRENT MAP
    87.5-180.0 180.0   5.0 450.0                            LAT/LON1/LON2/DLON/H
  189  191  192  194  195  197  199  200  201  202  203  204  204  205  206  206
  206  205  205  204  203  202  201  200  198  196  194  192  189  187  184  182
  180  178  176  174  172  170  168  166  165  163  162  161  160  159  159  159
  159  158  158  159  160  160  161  162  163  164  165  166  168  169  171  173
  174  176  178  180  181  183  185  187  189
    85.0-180.0 180.0   5.0 450.0                            LAT/LON1/LON2/DLON/H
  193  196  198  201  203  206  208  210  212  214  216  218  219  221  222  223
  224  224  224  223  221  219  216  213  209  205  200  196  191  185  181  175
  171  166  162  158  154  151  148  145  143  142  140  138  137  137  136  136
  136  137  137  138  139  140  141  143  145  147  149  152  155  157  160  163
  166  170  173  176  180  184  186  190  193
    82.5-180.0 180.0   5.0 450.0                            LAT/LON1/LON2/DLON/H
  201  204  207  210  212  214  215  216  218  219  221  223  225  228  230  233
  235  236  237  236  234  232  228  223  217  210  202  194  186  178  170  163
  156  150  145  140  136  132  129  127  125  123  121  120  119  119  119  119
  119  120  122  123  124  126  128  131  133  136  138  142  145  149  153  157
  162  167  172  177  182  188  192  197  201
    80.0-180.0 180.0   5.0 450.0                            LAT/LON1/LON2/DLON/H
  217  222  225  227  228  227  226  224  223  221  221  221  223  225  229  232
  236  240  242  243  242  240  235  228  219  209  199  187  176  166  157  148
  140  134  129  125  122  119  117  115  113  112  111  110  110  110  110  110
  111  113  114  116  119  121  123  126  128  131  134  138  141  145  150  155
  162  168  176  183  191  199  206  212  217
    77.5-180.0 180.0   5.0 450.0                            LAT/LON1/LON2/DLON/H
  246  253  256  257  256  252  246  239  231  224  218  214  212  213  217  221
  228  234  239  243  244  242  237  229  218  205  192  178  165  153  143  134
  127  123  119  117  116  115  114  113  112  112  110  109  108  109  109  110
  112  113  115  118  121  124  127  130  132  134  137  139  142  146  151  158
  165  174  183  194  206  217  228  238  246
    75.0-180.0 180.0   5.0 450.0                            LAT/LON1/LON2/DLON/H
  284  294  300  301  297  290  278  264  248  232  216  204  197  194  196  202
  211  221  229  236  239  239  235  226  214  200  185  169  155  142  132  125
  120  117  117  118  118  120  120  120  120  119  117  116  115  114  115  116
  118  121  123  127  131  134  137  139  141  143  144  146  147  150  154  161
  169  180  193  207  223  240  256  271  284
    72.5-180.0 180.0   5.0 450.0                            LAT/LON1/LON2/DLON/H
  325  340  350  353  349  338  321  298  272  245  219  198  183  175  174  180
  191  203  214  223  229  231  228  220  208  193  178  162  148  136  128  122
  119  120  121  124  127  129  131  131  130  128  126  125  124  123  123  125
  128  131  135  139  143  146  149  151  152  152  152  152  153  155  158  164
  172  184  200  218  239  262  285  307  325
    70.0-180.0 180.0   5.0 450.0                            LAT/LON1/LON2/DLON/H
  363  383  398  405  403  391  370  341  306  268  232  200  176  162  158  161
  170  181  193  204  212  217  218  212  201  187  172  158  145  136  129  126
  125  126  128  131  135  137  139  138  137  136  134  132  130  130  130  132
  136  139  144  148  152  155  157  159  159  159  159  158  158  158  160  166
  174  186  204  225  251  279  308  336  363
    67.5-180.0 180.0   5.0 450.0                            LAT/LON1/LON2/DLON/H
  389  416  436  448  449  440  419  387  347  302  256  215  183  161  150  147
  152  159  169  180  191  200  203  199  191  180  167  156  146  139  135  132
  131  132  134  135  137  138  139  138  138  136  134  132  132  132  133  135
  138  142  146  150  153  156  158  160  160  161  161  160  160  161  162  167
  175  188  206  229  257  289  323  357  389
    65.0-180.0 180.0   5.0 450.0                            LAT/LON1/LON2/DLON/H
  402  434  459  476  484  480  463  434  394  345  294  245  205  174  154  143
  139  140  145  154  166  177  183  184  178  170  161  152  146  141  139  137
  136  134  133  132  131  130  129  129  128  128  127  127  127  127  128  130
  133  137  140  142  145  147  148  150  152  154  156  158  160  162  165  170
  178  190  207  231  260  293  329  367  402
    62.5-180.0 180.0   5.0 450.0                            LAT/LON1/LON2/DLON/H
  406  439  467  489  504  508  499  478  442  396  342  289  241  202  172  151
  136  128  126  130  140  151  160  164  161  157  151  146  143  140  139  137
  135  131  126  121  117  114  113  113  114  114  116  116  117  117  118  119
  121  123  125  126  127  129  130  133  137  143  150  156  162  167  172  178
  186  198  214  237  264  296  332  369  406
    60.0-180.0 180.0   5.0 450.0                            LAT/LON1/LON2/DLON/H
  404  436  465  490  510  523  525  514  488  447  397  342  289  243  204  171
  146  127  116  113  118  127  136  141  142  141  138  136  134  134  133  132
  128  122  114  106   98   95   93   95   97  100  102  103  104  104  103  103
  104  104  105  105  106  106  109  114  122  133  145  157  168  177  186  194
  203  215  230  250  275  304  337  371  404
    57.5-180.0 180.0   5.0 450.0                            LAT/LON1/LON2/DLON/H
  407  434  461  486  509  529  542  542  527  495  450  397  343  292  245  205
  170  141  119  106  103  106  113  119  122  123  123  123  123  124  123  122
  118  110  101   91   83   79   79   81   85   88   92   93   92   90   89   87
   87   86   86   85   85   86   90   98  111  128  146  165  181  196  208  219
  230  242  257  275  297  322  350  378  407
    55.0-180.0 180.0   5.0 450.0                            LAT/LON1/LON2/DLON/H
  419  439  461  483  507  531  550  560  556  534  496  448  395  343  295  250
  209  171  138  113   98   93   96  101  106  109  110  111  111  111  112  111
  108  101   92   83   76   73   73   77   81   84   86   87   85   82   78   76
   74   73   73   71   72   74   80   92  109  132  156  181  203  222  238  252
  266  280  295  312  332  353  375  397  419
    52.5-180.0 180.0   5.0 450.0                            LAT/LON1/LON2/DLON/H
  442  457  472  489  510  534  556  572  575  562  532  489  441  391  344  299
  256  213  171  133  105   91   88   92   97  101  103  102  102  102  103  103
  102   97   90   84   79   78   80   83   86   88   88   87   84   80   75   72
   70   70   69   69   70   73   82   97  119  146  176  205  231  253  273  291
  307  323  340  357  376  395  412  428  442
    50.0-180.0 180.0   5.0 450.0                            LAT/LON1/LON2/DLON/H
  476  484  492  505  521  542  564  581  588  581  556  519  477  433  390  348
  306  260  211  163  124  100   92   94   99  103  104  103   99   98   99  100
  101  100   97   94   92   94   96   98   98   97   97   94   90   85   81   78
   76   76   77   77   79   84   95  112  138  168  201  232  260  285  307  328
  347  367  386  406  425  442  457  469  476
    47.5-180.0 180.0   5.0 450.0                            LAT/LON1/LON2/DLON/H
  513  515  520  528  541  557  575  591  598  593  572  539  501  464  428  392
  353  307  254  199  152  121  108  108  113  116  116  111  105  101  101  103
  106  108  109  109  111  114  116  116  115  112  109  106  103   99   94   91
   90   91   92   94   96  102  115  135  163  194  227  258  285  311  335  358
  380  403  426  448  470  489  502  510  513
    45.0-180.0 180.0   5.0 450.0                            LAT/LON1/LON2/DLON/H
  545  545  547  553  563  576  590  603  608  602  581  551  518  486  457  426
  391  347  294  238  187  152  137  135  137  139  135  127  118  112  110  112
  116  119  123  126  130  134  135  134  131  126  124  122  119  116  112  109
  108  109  111  113  116  124  138  160  188  219  249  278  304  329  354  378
  403  428  454  481  505  526  539  545  545
    42.5-180.0 180.0   5.0 450.0                            LAT/LON1/LON2/DLON/H
  567  567  568  575  585  595  606  616  619  611  590  561  531  503  478  451
  419  378  327  274  225  191  173  168  168  167  159  147  136  127  124  125
  128  132  136  140  144  149  150  148  144  140  138  138  137  134  130  127
  126  127  128  130  134  143  159  182  209  238  265  290  313  337  362  388
  414  442  470  499  526  549  563  569  567
    40.0-180.0 180.0   5.0 450.0                            LAT/LON1/LON2/DLON/H
  579  578  582  591  601  611  621  628  630  620  599  571  543  518  495  468
  437  399  354  306  262  230  212  204  200  193  183  169  156  147  142  141
  143  145  147  150  154  157  158  157  154  152  152  154  153  150  145  141
  139  139  139  141  146  156  173  197  224  250  274  294  315  337  364  391
  418  446  476  506  535  559  574  579  579
    37.5-180.0 180.0   5.0 450.0                            LAT/LON1/LON2/DLON/H
  584  586  593  604  615  624  632  638  640  630  610  583  557  532  507  480
  448  412  372  332  295  265  246  234  225  216  203  191  179  170  165  163
  161  159  158  158  159  161  162  162  162  163  165  166  166  161  155  149
  145  144  144  145  150  162  180  204  231  257  278  296  314  337  364  392
  421  449  478  509  539  563  578  584  584
    35.0-180.0 180.0   5.0 450.0                            LAT/LON1/LON2/DLON/H
  597  603  611  622  630  636  641  646  647  640  622  597  571  546  519  487
  452  417  383  349  318  291  270  254  242  230  220  211  203  198  194  190
  185  179  173  168  166  166  167  169  171  174  176  177  174  167  158  150
  145  143  141  142  147  160  180  206  235  260  281  298  317  340  370  400
  429  457  487  518  548  571  586  593  597
    32.5-180.0 180.0   5.0 450.0                            LAT/LON1/LON2/DLON/H
  629  639  650  658  659  657  655  656  656  649  633  610  586  558  528  491
  454  417  385  356  330  305  283  264  250  240  235  233  233  234  232  227
  219  208  196  186  179  177  177  179  182  185  187  185  178  167  156  148
  141  138  136  136  141  153  175  204  235  264  287  306  327  353  384  417
  448  478  509  540  570  594  609  619  629
    30.0-180.0 180.0   5.0 450.0                            LAT/LON1/LON2/DLON/H
  690  708  721  722  711  695  681  674  669  660  643  622  597  569  534  493
  452  414  382  355  331  308  286  267  256  252  255  263  273  280  280  274
  262  247  231  215  203  196  194  195  197  198  196  190  179  164  151  142
  136  133  130  129  133  145  169  201  237  270  298  322  347  376  410  446
  481  515  548  581  612  637  655  672  690
    27.5-180.0 180.0   5.0 450.0                            LAT/LON1/LON2/DLON/H
  785  814  828  820  793  758  727  705  691  676  656  633  607  577  539  494
  450  409  376  349  326  304  286  273  269  274  288  306  324  335  336  328
  314  296  277  255  237  224  217  215  214  211  205  194  178  161  146  137
  133  130  127  125  127  140  165  201  242  282  316  347  377  409  445  485
  524  563  601  638  672  701  726  753  785
    25.0-180.0 180.0   5.0 450.0                            LAT/LON1/LON2/DLON/H
  906  949  967  951  905  847  795  758  731  705  677  648  617  584  544  498
  451  408  372  344  322  305  292  290  297  315  339  364  385  396  395  384
  368  349  327  302  278  257  244  235  229  222  212  197  178  159  144  136
  133  131  127  123  125  138  165  205  252  298  339  377  412  447  486  529
  573  616  660  702  742  777  812  855  906
    22.5-180.0 180.0   5.0 450.0                            LAT/LON1/LON2/DLON/H
 1032 1096 1122 1100 1037  957  885  830  790  752  711  672  634  597  554  506
  458  414  376  347  326  315  315  326  348  377  408  434  451  457  450  435
  417  397  374  347  318  290  269  254  243  232  218  201  180  160  146  139
  137  135  130  126  127  140  170  214  265  317  366  410  449  487  528  573
  620  668  716  764  809  850  896  958 1032
    20.0-180.0 180.0   5.0 450.0                            LAT/LON1/LON2/DLON/H
 1138 1223 1263 1242 1170 1075  987  920  868  818  765  712  664  620  575  527
  478  434  395  364  346  344  358  385  420  457  488  506  512  507  491  470
  449  429  407  381  350  317  289  269  253  239  225  207  186  166  152  146
  144  141  135  129  130  145  177  225  281  338  392  441  485  525  566  612
  661  712  762  811  859  905  961 1040 1138
    17.5-180.0 180.0   5.0 450.0                            LAT/LON1/LON2/DLON/H
 1197 1302 1359 1346 1275 1176 1086 1016  960  903  839  773  713  661  612  564
  517  472  432  402  387  393  421  462  506  542  563  566  555  537  511  483
  459  440  421  397  368  334  303  280  262  247  233  216  196  177  163  156
  152  147  138  131  133  151  187  238  296  356  414  467  514  556  598  644
  693  743  791  839  884  929  990 1081 1197
    15.0-180.0 180.0   5.0 450.0                            LAT/LON1/LON2/DLON/H
 1191 1311 1384 1387 1327 1240 1160 1099 1052  999  931  853  782  721  669  621
  575  531  491  461  448  461  499  547  590  615  617  597  568  538  505  472
  446  427  412  396  373  343  314  290  271  257  245  229  210  191  175  166
  159  150  139  131  135  156  195  248  309  369  429  485  534  579  622  668
  715  761  805  845  883  921  977 1068 1191
    12.5-180.0 180.0   5.0 450.0                            LAT/LON1/LON2/DLON/H
 1119 1241 1328 1351 1314 1250 1193 1155 1128 1089 1026  946  868  800  745  697
  653  610  569  537  526  542  581  626  656  658  632  587  543  507  474  442
  414  397  388  383  371  349  324  302  284  271  260  246  226  205  187  174
  163  151  137  129  135  159  202  257  316  376  436  492  544  591  636  683
  729  770  806  837  863  888  929 1006 1119
    10.0-180.0 180.0   5.0 450.0                            LAT/LON1/LON2/DLON/H
 1005 1114 1204 1243 1233 1202 1179 1172 1173 1156 1107 1033  956  886  831  786
  745  703  661  627  612  625  657  686  690  658  598  531  482  454  430  404
  380  364  362  369  369  357  337  319  303  290  279  264  243  219  197  180
  165  150  134  126  134  162  207  261  319  376  433  490  542  592  642  691
  735  772  801  822  836  846  866  916 1005
     7.5-180.0 180.0   5.0 450.0                            LAT/LON1/LON2/DLON/H
  886  970 1049 1096 1108 1109 1120 1146 1177 1187 1159 1100 1030  965  912  872
  837  796  754  716  697  699  714  716  685  616  524  444  402  392  388  376
  358  344  348  364  374  370  357  340  324  310  298  281  257  230  205  184
  166  149  133  125  134  164  210  264  318  371  424  479  532  585  639  691
  735  770  794  810  815  811  809  830  886
     5.0-180.0 180.0   5.0 450.0                            LAT/LON1/LON2/DLON/H
  796  848  909  953  978 1003 1039 1089 1142 1176 1170 1132 1077 1023  977  943
  912  876  833  792  764  750  740  710  644  542  430  347  324  343  365  371
  362  352  356  375  390  390  380  364  346  329  313  292  266  237  208  186
  167  150  134  126  135  166  213  264  314  362  412  463  515  570  628  684
  730  765  789  804  807  798  781  775  796
     2.5-180.0 180.0   5.0 450.0                            LAT/LON1/LON2/DLON/H
  768  788  822  853  881  916  965 1024 1086 1131 1143 1124 1089 1048 1012  986
  961  928  885  841  802  769  731  670  576  456  339  269  274  325  375  400
  401  390  391  404  415  413  401  382  361  341  321  297  269  238  210  188
  170  154  139  130  138  168  213  261  307  352  398  446  497  553  614  672
  721  758  785  806  815  810  792  773  768
