gLAB/files/disturbance/27_10_2014/igs3000_norms.14i
     1.0            IONOSPHERE MAPS     MIX                 IONEX VERSION / TYPE
cmpcmb v1.2          GRL/UWM            18-nov-14 09:33     PGM / RUN BY / DATE 
ionex file containing IGS COMBINED Ionosphere maps          COMMENT             
global ionosphere maps for day 300, 2014                    DESCRIPTION         
IONEX file containing the COMBINED IGS TEC MAPS and DCBs    DESCRIPTION         
      IONEX files of the following IAACs were combined: cod DESCRIPTION         
                                                        esa DESCRIPTION         
                                                        jpl DESCRIPTION         
Contact address: Andrzej Krankowski                         DESCRIPTION
                 Geodynamics Research Laboratory            DESCRIPTION
                 University of Warmia and Mazury (GRL/UWM)  DESCRIPTION
                 Oczapowski St. 1                           DESCRIPTION
                 10-957-Olsztyn, POLAND                     DESCRIPTION
                 e-mail:  kand@uwm.edu.pl                   DESCRIPTION
                                                            DESCRIPTION         
  2014    10    27     0     0     0                        EPOCH OF FIRST MAP  
  2014    10    28     0     0     0                        EPOCH OF LAST MAP   
  7200                                                      INTERVAL            
    13                                                      # OF MAPS IN FILE   
  COSZ                                                      MAPPING FUNCTION    
     0.0                                                    ELEVATION CUTOFF    
combined TEC calculated as weighted mean of input TEC valuesOBSERVABLES USED    
   386                                                      # OF STATIONS       
    31                                                      # OF SATELLITES     
  6371.0                                                    BASE RADIUS         
     2                                                      MAP DIMENSION       
   450.0 450.0   0.0                                        HGT1 / HGT2 / DHGT  
    87.5 -87.5  -2.5                                        LAT1 / LAT2 / DLAT  
  -180.0 180.0   5.0                                        LON1 / LON2 / DLON  
    -1                                                      EXPONENT            
TEC values in 0.1 tec units;  9999, if no value available   COMMENT             
DCB values in nanoseconds, reference is Sum_of_SatDCBs = 0  COMMENT             
                                                            END OF HEADER       
     1                                                      START OF TEC MAP    
  2014    10    27     0     0     0                        EPOCH OF CURRENT MAP
    87.5-180.0 180.0   5.0 450.0                            LAT/LON1/LON2/DLON/H
  132  133  134  134  135  136  136  137  137  138  138  138  138  138  138  138
  137  137  136  135  134  133  132  131  130  129  127  126  125  123  122  121
  120  119  118  117  117  116  116  115  115  115  115  114  115  115  115  115
  116  116  117  117  117  118  119  120  120  121  122  122  123  124  125  125
  126  127  128  128  129  130  131  132  132
    85.0-180.0 180.0   5.0 450.0                            LAT/LON1/LON2/DLON/H
  138  140  141  143  144  146  147  148  150  151  152  153  153  154  153  153
  153  152  151  149  147  145  142  140  137  134  131  128  125  122  119  117
  115  113  111  110  109  108  107  107  108  108  108  108  109  110  110  111
  112  113  113  115  115  116  117  118  119  120  121  122  123  125  126  127
  128  130  131  132  133  134  136  137  138
    82.5-180.0 180.0   5.0 450.0                            LAT/LON1/LON2/DLON/H
  145  147  149  151  154  156  158  160  162  164  166  167  168  169  169  169
  168  167  165  162  159  156  152  148  144  139  135  130  125  120  116  113
  110  107  105  103  103  102  102  103  104  105  106  107  108  109  110  111
  112  113  114  115  115  116  117  118  120  121  122  124  125  127  128  130
  131  133  134  135  138  139  141  143  145
    80.0-180.0 180.0   5.0 450.0                            LAT/LON1/LON2/DLON/H
  154  157  159  163  166  168  171  173  176  178  180  181  181  182  181  180
  179  177  175  172  168  164  159  154  148  143  136  130  124  118  113  109
  105  102  100   99   99   99  100  102  104  106  108  109  111  112  113  113
  114  114  114  114  114  115  116  118  119  121  122  125  126  129  131  133
  135  137  139  142  144  146  148  151  154
    77.5-180.0 180.0   5.0 450.0                            LAT/LON1/LON2/DLON/H
  167  171  175  179  182  185  188  190  192  193  193  193  192  191  189  186
  184  181  177  174  169  165  161  155  149  143  136  130  122  116  111  105
  101   99   97   96   97   98  100  103  106  109  111  113  114  115  115  114
  114  113  112  112  112  112  113  114  116  118  121  124  127  130  133  136
  140  143  147  150  153  157  160  164  167
    75.0-180.0 180.0   5.0 450.0                            LAT/LON1/LON2/DLON/H
  187  191  196  200  204  207  209  210  210  210  207  204  200  195  190  185
  180  176  171  167  163  159  154  150  145  139  133  126  120  114  108  103
  100   97   96   96   96   98  101  104  107  110  112  114  115  115  113  112
  110  108  106  105  105  105  106  108  111  114  118  122  126  131  136  140
  145  150  155  160  165  170  176  182  187
    72.5-180.0 180.0   5.0 450.0                            LAT/LON1/LON2/DLON/H
  209  215  221  226  229  232  233  233  231  228  222  215  207  198  189  181
  173  166  159  154  150  147  144  140  136  132  127  121  115  110  105  100
   97   95   94   94   96   97  100  102  106  108  110  111  111  110  107  105
  101   98   96   94   94   94   96   99  104  108  114  120  126  132  139  146
  152  158  165  172  179  187  194  202  209
    70.0-180.0 180.0   5.0 450.0                            LAT/LON1/LON2/DLON/H
  232  239  246  251  255  257  258  256  252  246  238  227  216  203  189  177
  165  155  147  140  136  134  131  130  127  123  118  113  108  103   98   95
   93   92   91   91   92   93   95   97   99  101  102  102  101   99   97   93
   89   86   83   82   82   83   86   90   96  102  110  118  126  134  143  152
  160  169  177  186  196  204  214  223  232
    67.5-180.0 180.0   5.0 450.0                            LAT/LON1/LON2/DLON/H
  254  261  268  273  277  278  278  276  272  264  253  241  226  211  194  177
  162  148  138  131  126  124  122  121  118  114  109  103   98   93   89   86
   85   84   84   84   84   85   85   86   88   89   89   89   88   87   83   80
   76   73   71   70   71   73   77   83   90   98  108  117  128  139  150  161
  171  182  192  203  213  224  234  245  254
    65.0-180.0 180.0   5.0 450.0                            LAT/LON1/LON2/DLON/H
  274  281  286  290  292  294  293  291  287  279  269  255  240  223  204  185
  167  152  139  130  125  122  120  117  113  107  100   93   86   80   77   74
   74   73   74   74   73   73   73   73   74   75   76   76   76   74   72   69
   65   62   61   61   62   65   71   78   86   96  108  120  133  147  160  174
  187  199  211  222  233  245  255  265  274
    62.5-180.0 180.0   5.0 450.0                            LAT/LON1/LON2/DLON/H
  294  299  302  303  304  303  303  301  297  291  282  270  255  239  220  200
  181  164  150  140  133  128  124  119  113  103   93   83   74   68   64   62
   62   63   63   63   62   61   61   61   62   63   65   66   67   66   64   61
   59   57   56   57   58   62   68   76   86   98  111  126  142  158  176  192
  208  222  236  248  259  270  280  288  294
    60.0-180.0 180.0   5.0 450.0                            LAT/LON1/LON2/DLON/H
  318  319  318  315  312  310  308  306  303  299  292  283  270  256  240  222
  204  186  171  159  149  141  135  127  117  104   90   77   66   59   54   53
   54   55   56   56   54   53   52   53   55   57   60   62   64   64   63   61
   59   57   56   57   59   63   69   78   89  103  119  136  155  175  196  216
  235  252  267  281  292  302  310  315  318
    57.5-180.0 180.0   5.0 450.0                            LAT/LON1/LON2/DLON/H
  348  344  338  331  324  318  314  311  308  305  300  293  284  273  260  246
  230  213  197  182  169  158  148  138  124  108   92   76   64   56   52   51
   52   53   53   53   52   50   51   52   54   58   62   66   69   69   69   67
   65   63   62   63   64   67   74   83   96  112  131  152  174  197  222  245
  268  288  306  321  332  341  347  349  348
    55.0-180.0 180.0   5.0 450.0                            LAT/LON1/LON2/DLON/H
  385  377  366  354  342  332  324  319  316  312  308  302  295  288  280  269
  256  240  222  204  188  174  162  149  134  117   99   83   71   62   58   57
   57   58   58   57   56   56   57   59   62   67   71   76   79   79   78   77
   75   73   72   71   72   75   82   93  108  127  149  172  198  225  252  278
  305  328  349  366  378  387  390  389  385
    52.5-180.0 180.0   5.0 450.0                            LAT/LON1/LON2/DLON/H
  426  414  400  384  369  355  343  335  329  324  318  312  306  301  296  289
  278  262  242  222  202  185  172  160  145  129  113   97   85   77   72   71
   69   68   67   66   66   66   68   71   75   80   85   89   92   92   91   90
   88   86   84   83   82   85   92  105  123  145  171  199  227  256  285  315
  343  369  393  413  428  436  438  435  426
    50.0-180.0 180.0   5.0 450.0                            LAT/LON1/LON2/DLON/H
  468  454  439  421  403  385  371  359  350  342  333  324  318  313  310  304
  293  276  255  232  210  193  180  169  157  144  130  117  106   97   92   87
   84   81   78   77   77   80   82   86   90   94   99  103  105  106  105  103
  101  100   97   95   93   96  104  120  141  168  198  228  259  290  319  350
  379  408  435  457  474  483  484  478  468
    47.5-180.0 180.0   5.0 450.0                            LAT/LON1/LON2/DLON/H
  505  491  476  459  440  421  404  390  378  367  354  342  332  325  321  314
  301  283  259  235  212  196  185  177  169  159  149  138  127  118  111  104
   97   92   89   87   89   91   95   99  102  106  111  114  117  117  116  115
  115  113  111  107  105  108  118  136  161  192  225  259  292  323  353  381
  411  440  468  493  512  521  521  515  505
    45.0-180.0 180.0   5.0 450.0                            LAT/LON1/LON2/DLON/H
  531  519  506  491  474  455  439  425  411  398  381  365  351  341  333  322
  306  284  259  233  213  199  191  186  180  173  165  156  146  135  125  115
  106  100   95   94   97  102  106  108  111  114  118  123  126  127  127  126
  126  125  122  118  116  120  132  153  182  217  253  289  322  353  381  408
  434  462  490  516  536  546  547  541  531
    42.5-180.0 180.0   5.0 450.0                            LAT/LON1/LON2/DLON/H
  543  534  526  514  499  483  469  456  445  430  412  393  376  361  348  332
  310  284  257  233  216  204  199  194  190  185  178  169  158  146  133  122
  112  104  101  101  104  109  113  114  115  118  123  129  133  135  136  135
  135  134  131  128  126  131  145  170  202  239  278  314  348  377  403  427
  450  474  500  526  545  556  557  551  543
    40.0-180.0 180.0   5.0 450.0                            LAT/LON1/LON2/DLON/H
  543  538  533  525  513  501  491  482  473  460  443  424  404  387  368  345
  317  287  259  237  223  215  209  204  198  193  186  177  165  152  138  126
  117  111  108  109  113  118  120  120  121  122  128  135  141  144  143  142
  141  140  137  134  134  141  157  184  219  259  298  335  367  395  419  440
  459  479  501  524  543  553  554  549  543
    37.5-180.0 180.0   5.0 450.0                            LAT/LON1/LON2/DLON/H
  537  534  532  526  519  510  503  499  493  484  470  453  434  415  392  363
  329  295  267  247  236  229  221  213  205  197  190  182  171  157  144  135
  129  126  125  126  129  132  133  131  130  131  137  145  151  153  151  148
  145  143  139  138  139  148  168  196  233  273  312  348  380  407  430  449
  466  482  500  519  535  544  546  542  537
    35.0-180.0 180.0   5.0 450.0                            LAT/LON1/LON2/DLON/H
  534  532  530  526  519  512  507  506  504  500  490  478  463  443  418  384
  346  309  281  263  252  243  233  219  207  199  194  189  181  170  160  155
  155  156  156  157  157  158  156  151  147  147  151  158  163  163  159  153
  147  142  139  138  141  153  174  205  243  283  321  356  387  415  440  460
  477  491  506  521  535  543  543  539  534
    32.5-180.0 180.0   5.0 450.0                            LAT/LON1/LON2/DLON/H
  547  542  539  533  524  516  510  509  509  507  502  496  484  467  442  406
  367  329  299  280  267  254  239  222  209  203  202  203  201  196  192  193
  199  204  206  204  200  195  188  182  174  170  171  174  176  173  165  155
  147  141  136  136  141  154  177  210  250  289  326  360  392  423  451  476
  496  512  527  541  552  558  558  553  547
    30.0-180.0 180.0   5.0 450.0                            LAT/LON1/LON2/DLON/H
  584  575  566  556  541  527  518  514  511  510  507  504  498  484  460  426
  387  348  317  294  277  259  238  221  212  213  221  231  238  240  242  250
  262  271  271  264  253  242  231  219  207  198  192  190  188  181  169  156
  145  137  132  132  139  153  178  213  254  293  329  363  397  431  466  499
  527  550  569  584  595  601  599  593  584
    27.5-180.0 180.0   5.0 450.0                            LAT/LON1/LON2/DLON/H
  648  634  618  599  578  556  538  527  519  513  509  507  504  493  472  440
  403  365  332  304  280  256  234  222  223  236  257  278  293  302  309  323
  338  348  345  331  311  291  273  256  238  222  209  201  194  184  170  155
  141  132  128  129  135  150  177  215  257  298  334  370  407  446  488  530
  569  603  630  650  663  669  668  660  648
    25.0-180.0 180.0   5.0 450.0                            LAT/LON1/LON2/DLON/H
  737  717  691  664  635  605  578  556  538  523  513  508  505  496  477  448
  415  379  342  308  277  249  233  233  250  280  314  345  366  378  387  401
  417  425  417  394  363  333  307  284  261  238  218  205  194  182  167  151
  138  129  125  126  132  147  176  217  263  306  344  383  423  468  516  567
  617  663  700  727  746  756  757  751  737
    22.5-180.0 180.0   5.0 450.0                            LAT/LON1/LON2/DLON/H
  837  813  780  744  709  673  637  604  573  545  525  515  508  498  479  454
  424  389  350  310  274  248  242  261  301  347  392  428  450  459  462  473
  486  489  473  439  398  358  324  296  269  241  216  199  187  176  163  148
  137  128  124  124  129  145  176  221  272  318  361  403  448  497  550  608
  667  722  769  805  830  846  852  849  837
    20.0-180.0 180.0   5.0 450.0                            LAT/LON1/LON2/DLON/H
  928  904  867  828  792  754  713  669  626  584  552  532  519  504  484  462
  435  401  361  317  279  260  272  316  377  437  486  519  532  530  523  525
  530  526  500  458  407  359  321  289  260  230  204  187  177  169  159  148
  138  130  125  123  128  144  178  229  285  336  383  430  480  532  588  647
  710  770  824  867  899  921  934  937  928
    17.5-180.0 180.0   5.0 450.0                            LAT/LON1/LON2/DLON/H
  995  974  938  902  871  839  797  748  694  640  596  566  544  523  500  477
  454  423  382  338  303  296  329  396  475  540  581  600  597  578  557  546
  541  527  495  446  390  339  299  269  242  214  190  175  169  165  159  151
  143  136  129  124  127  145  184  240  302  357  408  460  514  569  625  683
  742  802  857  902  939  967  987  997  995
    15.0-180.0 180.0   5.0 450.0                            LAT/LON1/LON2/DLON/H
 1024 1011  983  955  936  913  878  828  769  708  656  617  587  558  531  508
  487  461  422  380  352  359  411  496  581  637  660  654  628  591  555  532
  517  495  458  409  355  307  270  245  223  201  181  170  167  168  165  160
  152  143  134  127  129  148  191  253  319  378  431  486  544  602  656  709
  762  815  865  909  946  976 1001 1019 1024
    12.5-180.0 180.0   5.0 450.0                            LAT/LON1/LON2/DLON/H
 1015 1011  996  983  979  970  944  901  843  782  727  683  646  612  581  558
  541  518  485  447  428  447  512  602  677  711  703  667  618  563  518  487
  465  438  403  362  318  278  249  230  215  199  186  177  177  179  177  172
  163  153  141  131  132  153  201  266  335  395  448  505  566  625  677  724
  767  811  854  892  926  956  982 1003 1015
    10.0-180.0 180.0   5.0 450.0                            LAT/LON1/LON2/DLON/H
  980  986  984  987  999 1006  992  958  907  852  800  757  717  679  646  625
  612  596  569  538  526  553  618  696  746  743  698  632  563  500  454  424
  402  377  351  324  294  266  245  235  227  217  206  199  198  198  194  186
  175  162  147  135  136  160  211  279  348  405  456  511  572  633  685  727
  762  796  829  861  890  918  942  964  980
     7.5-180.0 180.0   5.0 450.0                            LAT/LON1/LON2/DLON/H
  936  950  961  978 1003 1021 1020  997  958  913  870  831  793  753  720  702
  694  685  664  640  634  659  712  762  772  726  646  558  479  419  382  363
  349  333  321  311  298  282  270  263  259  252  242  232  226  221  213  201
  186  170  153  140  142  168  221  290  355  408  453  503  563  625  678  718
  748  775  802  828  853  876  898  919  936
     5.0-180.0 180.0   5.0 450.0                            LAT/LON1/LON2/DLON/H
  903  921  942  969 1002 1027 1033 1021  994  961  929  898  863  825  794  778
  775  771  757  738  731  747  776  787  752  667  561  462  389  344  326  325
  325  323  327  335  334  326  317  311  306  297  284  270  258  245  231  213
  193  176  159  146  149  177  230  297  358  403  441  485  542  604  658  699
  728  752  777  802  825  847  867  885  903
     2.5-180.0 180.0   5.0 450.0                            LAT/LON1/LON2/DLON/H
  893  913  938  969 1004 1031 1041 1035 1018  997  975  952  922  887  857  843
  843  842  831  813  801  798  795  765  689  577  461  371  316  296  304  325
  343  357  375  392  397  389  378  367  356  343  325  305  285  265  244  221
  200  180  164  152  156  185  238  300  355  393  423  461  513  574  630  673
  704  730  758  786  813  836  857  875  893
