gLAB/files/disturbance/27_10_2014/igs3000_norms.14i
     1.0            IONOSPHERE MAPS     MIX                 IONEX VERSION / TYPE
cmpcmb v1.2          GRL/UWM            18-nov-14 09:33     PGM / RUN BY / DATE 
ionex file containing IGS COMBINED Ionosphere maps          COMMENT             
global ionosphere maps for day 300, 2014                    DESCRIPTION         
IONEX file containing the COMBINED IGS TEC MAPS and DCBs    DESCRIPTION         
      IONEX files of the following IAACs were combined: cod DESCRIPTION         
                                                        esa DESCRIPTION         
                                                        jpl DESCRIPTION         
Contact address: Andrzej Krankowski                         DESCRIPTION
                 Geodynamics Research Laboratory            DESCRIPTION
                 University of Warmia and Mazury (GRL/UWM)  DESCRIPTION
                 Oczapowski St. 1                           DESCRIPTION
                 10-957-Olsztyn, POLAND                     DESCRIPTION
                 e-mail:  kand@uwm.edu.pl                   DESCRIPTION
                                                            DESCRIPTION         
  2014    10    27     0     0     0                        EPOCH OF FIRST MAP  
  2014    10    28     0     0     0                        EPOCH OF LAST MAP   
  7200                                                      INTERVAL            
    13                                                      # OF MAPS IN FILE   
  COSZ                                                      MAPPING FUNCTION    
     0.0                                                    ELEVATION CUTOFF    
combined TEC calculated as weighted mean of input TEC valuesOBSERVABLES USED    
   386                                                      # OF STATIONS       
    31                                                      # OF SATELLITES     
  6371.0                                                    BASE RADIUS         
     2                                                      MAP DIMENSION       
   450.0 450.0   0.0                                        HGT1 / HGT2 / DHGT  
    87.5 -87.5  -2.5                                        LAT1 / LAT2 / DLAT  
  -180.0 180.0   5.0                                        LON1 / LON2 / DLON  
    -1                                                      EXPONENT            
TEC values in 0.1 tec units;  9999, if no value available   COMMENT             
DCB values in nanoseconds, reference is Sum_of_SatDCBs = 0  COMMENT             
                                                            END OF HEADER       
[from data line 4719]
    12                                                      START OF TEC MAP    
  2014    10    27    22     0     0                        EPOCH OF CURRENT MAP
    87.5-180.0 180.0   5.0 450.0                            LAT/LON1/LON2/DLON/H
  146  148  151  154  156  159  161  163  165  167  169  170  171  172  172  172
  172  171  170  169  167  165  163  160  157  154  150  147  143  140  137  133
  130  127  124  121  118  115  113  112  110  109  108  107  106  106  106  106
  106  106  107  108  109  110  111  112  113  114  116  118  120  121  123  125
  127  129  131  134  136  138  141  143  146
    85.0-180.0 180.0   5.0 450.0                            LAT/LON1/LON2/DLON/H
  152  157  162  167  172  178  184  189  194  200  204  208  212  215  217  218
  219  218  216  214  210  205  200  194  187  180  173  164  157  149  141  134
  127  121  115  109  105  101   98   96   94   92   91   91   90   91   91   92
   93   95   96   97   99  101  103  105  107  109  111  114  116  118  120  122
  125  127  130  133  136  140  144  148  152
    82.5-180.0 180.0   5.0 450.0                            LAT/LON1/LON2/DLON/H
  153  159  166  174  182  190  199  209  217  226  235  242  249  255  259  262
  264  264  263  259  255  248  240  231  220  209  197  184  172  160  148  137
  127  118  110  104   99   95   92   90   89   88   89   89   90   91   92   94
   95   97   99  101  103  106  108  111  113  115  117  118  120  122  123  125
  127  128  130  132  135  138  143  147  153
    80.0-180.0 180.0   5.0 450.0                            LAT/LON1/LON2/DLON/H
  151  159  167  177  188  199  212  224  236  248  259  269  279  286  293  298
  300  301  301  297  292  284  275  263  250  235  219  203  186  171  156  143
  131  121  113  107  103  100   99   98   99   99  100  101  103  104  105  107
  108  110  112  114  116  119  121  123  125  127  129  130  130  130  131  131
  130  130  131  132  133  136  140  145  151
    77.5-180.0 180.0   5.0 450.0                            LAT/LON1/LON2/DLON/H
  152  161  172  184  197  211  225  240  254  266  278  289  298  306  312  317
  321  322  322  319  315  307  297  285  270  253  235  216  198  180  164  150
  137  128  122  118  116  115  116  118  120  121  123  124  125  125  125  126
  126  127  128  129  131  134  136  138  141  142  143  143  143  141  140  138
  136  134  133  132  133  136  139  145  152
    75.0-180.0 180.0   5.0 450.0                            LAT/LON1/LON2/DLON/H
  160  172  185  199  215  230  245  260  273  284  294  302  309  313  318  320
  323  324  323  322  318  312  303  292  277  261  243  224  205  186  169  155
  144  137  133  131  132  134  137  141  143  146  147  147  147  146  145  143
  142  141  142  142  144  147  149  152  154  155  156  155  154  151  147  144
  140  137  136  135  136  139  144  151  160
    72.5-180.0 180.0   5.0 450.0                            LAT/LON1/LON2/DLON/H
  176  192  208  225  243  260  276  289  299  307  311  314  314  313  311  310
  309  308  307  306  304  299  292  283  271  257  240  223  204  187  172  159
  149  143  142  143  146  151  155  159  163  165  165  164  162  159  156  153
  150  148  148  149  150  153  156  159  162  163  163  161  158  154  150  145
  142  139  138  138  140  146  154  164  176
    70.0-180.0 180.0   5.0 450.0                            LAT/LON1/LON2/DLON/H
  199  219  240  261  281  300  315  327  333  336  334  328  320  311  302  293
  287  282  280  278  276  273  268  260  251  240  226  211  196  182  168  157
  150  146  145  148  152  157  162  167  169  170  169  167  165  160  156  152
  149  147  146  147  149  152  155  159  161  163  162  159  156  151  147  142
  139  137  138  141  146  155  167  182  199
    67.5-180.0 180.0   5.0 450.0                            LAT/LON1/LON2/DLON/H
  224  249  275  301  325  346  362  372  375  372  363  349  332  313  295  278
  266  257  251  247  244  240  235  229  222  212  202  191  180  169  159  150
  144  141  141  144  147  152  156  158  159  159  158  156  153  150  146  142
  138  136  135  136  139  142  146  150  152  153  151  148  144  140  136  133
  132  133  136  142  151  164  180  200  224
    65.0-180.0 180.0   5.0 450.0                            LAT/LON1/LON2/DLON/H
  245  276  308  339  367  392  409  420  421  414  399  377  351  323  295  272
  253  239  229  222  216  209  202  195  188  180  172  163  156  150  143  137
  134  131  131  132  134  136  138  138  138  137  136  134  132  130  127  125
  122  119  119  120  122  126  129  133  134  134  132  129  125  122  120  120
  123  127  133  142  154  171  191  216  245
    62.5-180.0 180.0   5.0 450.0                            LAT/LON1/LON2/DLON/H
  261  296  333  369  402  431  452  464  465  457  437  409  375  341  307  278
  254  236  222  211  199  188  176  165  155  147  140  134  130  127  124  122
  120  118  117  116  115  115  114  112  111  110  109  109  108  108  106  104
  102  101  100  101  103  106  110  112  113  112  109  105  102  102  104  108
  114  122  131  143  158  176  200  228  261
    60.0-180.0 180.0   5.0 450.0                            LAT/LON1/LON2/DLON/H
  271  309  349  389  427  460  485  500  504  495  474  441  404  364  327  296
  271  250  233  217  199  181  162  146  132  121  113  109  107  108  108  108
  107  106  104  101   99   97   93   91   88   87   86   87   88   89   89   87
   86   85   83   84   86   88   91   93   93   90   87   83   82   85   91  101
  112  124  136  150  164  184  208  237  271
    57.5-180.0 180.0   5.0 450.0                            LAT/LON1/LON2/DLON/H
  280  319  360  402  443  480  509  528  534  526  504  470  431  391  354  324
  300  280  261  241  218  192  166  142  122  107   98   95   95   97   99  100
  100   98   95   93   89   86   83   79   77   75   75   76   77   78   78   77
   76   74   73   72   73   75   78   79   79   76   71   68   69   75   87  103
  119  136  150  164  179  196  219  246  280
    55.0-180.0 180.0   5.0 450.0                            LAT/LON1/LON2/DLON/H
  294  330  371  413  455  494  526  548  556  550  528  494  455  416  383  358
  339  321  302  280  252  220  187  156  130  111  100   95   96   98  100  100
  100   98   95   92   90   87   84   82   79   78   77   77   77   77   77   75
   73   72   70   69   70   71   74   75   75   72   68   65   68   77   94  115
  138  159  176  190  204  219  237  262  294
    52.5-180.0 180.0   5.0 450.0                            LAT/LON1/LON2/DLON/H
  316  350  388  428  469  507  540  563  574  568  547  513  474  439  411  392
  378  365  349  325  295  260  222  185  153  131  118  112  111  111  112  110
  107  104  101   98   98   98   97   96   94   91   90   88   87   85   83   81
   79   77   75   74   75   77   80   83   83   80   75   73   77   91  112  140
  167  192  212  226  238  251  267  289  316
    50.0-180.0 180.0   5.0 450.0                            LAT/LON1/LON2/DLON/H
  350  380  414  451  489  524  556  579  590  585  564  530  492  459  435  422
  414  406  392  371  340  303  263  224  189  164  149  141  137  134  131  125
  119  114  110  110  112  114  116  116  114  112  109  105  102   99   96   94
   92   89   87   86   87   90   94   98   99   96   91   90   95  112  137  169
  202  231  254  270  282  293  307  325  350
    47.5-180.0 180.0   5.0 450.0                            LAT/LON1/LON2/DLON/H
  391  418  449  482  515  546  575  597  608  604  582  548  510  478  457  447
  443  439  428  409  380  344  304  264  230  203  186  176  168  161  152  142
  132  125  121  122  125  131  135  136  135  132  128  124  120  116  112  109
  107  105  103  102  102  106  111  117  119  116  111  109  116  135  164  200
  237  269  295  313  327  339  352  369  391
    45.0-180.0 180.0   5.0 450.0                            LAT/LON1/LON2/DLON/H
  436  460  488  516  543  570  594  615  626  623  603  570  532  499  478  469
  465  462  454  436  410  377  339  301  267  241  222  209  197  185  172  158
  145  136  131  132  138  144  150  151  150  147  144  140  135  130  127  124
  122  121  119  117  119  123  129  135  137  135  129  127  134  155  187  226
  266  301  329  350  366  381  396  414  436
    42.5-180.0 180.0   5.0 450.0                            LAT/LON1/LON2/DLON/H
  474  498  523  547  569  590  609  628  641  641  625  594  557  523  501  489
  484  478  469  452  429  399  364  330  297  271  251  235  219  204  188  172
  158  147  142  143  148  154  159  160  158  157  155  151  147  143  139  136
  134  132  131  130  131  136  143  149  151  146  139  137  145  168  202  243
  284  320  350  373  394  412  431  451  474
    40.0-180.0 180.0   5.0 450.0                            LAT/LON1/LON2/DLON/H
  500  525  550  570  587  601  616  632  647  654  645  619  585  551  526  510
  500  491  480  463  441  413  381  348  317  292  270  252  234  217  201  187
  174  164  159  158  161  165  166  165  163  162  161  159  156  152  147  143
  141  140  138  138  139  144  150  155  155  150  141  138  148  173  210  251
  292  327  356  382  406  430  453  475  500
    37.5-180.0 180.0   5.0 450.0                            LAT/LON1/LON2/DLON/H
  512  539  564  583  595  603  614  628  645  659  658  641  612  581  554  533
  518  504  488  471  448  422  392  360  329  303  282  263  245  230  219  210
  201  192  186  182  181  180  178  174  170  168  167  165  162  156  152  147
  144  142  141  140  142  146  152  155  153  145  136  134  145  173  212  254
  293  324  352  378  405  433  459  485  512
    35.0-180.0 180.0   5.0 450.0                            LAT/LON1/LON2/DLON/H
  515  544  570  587  597  601  607  619  639  658  667  659  636  608  582  558
  538  519  500  480  457  431  400  367  336  310  290  273  259  252  250  249
  245  237  227  219  212  206  199  190  183  178  175  172  167  161  154  149
  144  142  140  139  141  144  148  150  146  136  126  125  140  171  213  255
  291  319  343  368  397  428  458  486  515
    32.5-180.0 180.0   5.0 450.0                            LAT/LON1/LON2/DLON/H
  517  548  575  593  602  603  606  616  635  658  672  671  656  633  608  583
  559  536  514  492  469  441  408  373  341  317  301  291  286  290  299  308
  309  300  284  267  254  243  232  219  206  196  188  181  173  165  157  150
  145  141  139  137  137  140  143  143  138  127  117  118  137  173  218  260
  293  316  337  360  391  424  456  486  517
    30.0-180.0 180.0   5.0 450.0                            LAT/LON1/LON2/DLON/H
  530  564  593  612  621  623  625  632  647  667  682  683  673  654  631  606
  580  555  530  507  482  452  417  381  350  330  322  323  332  349  371  388
  391  375  350  324  303  287  273  255  237  220  206  193  182  170  161  153
  147  144  139  136  134  136  138  138  131  121  113  117  140  181  229  272
  302  322  340  363  394  429  463  497  530
    27.5-180.0 180.0   5.0 450.0                            LAT/LON1/LON2/DLON/H
  564  600  631  652  664  670  673  677  686  696  703  701  690  672  650  626
  599  572  546  521  495  464  428  392  366  355  359  373  396  427  461  483
  482  455  416  378  348  329  312  292  269  247  227  209  193  179  169  161
  155  150  144  138  134  134  136  135  130  121  115  123  150  195  246  290
  319  338  355  379  412  450  489  526  564
    25.0-180.0 180.0   5.0 450.0                            LAT/LON1/LON2/DLON/H
  621  661  694  717  734  747  756  759  757  752  743  730  712  692  670  645
  616  588  560  534  507  476  442  411  393  394  411  440  476  518  558  580
  569  526  469  417  380  358  341  321  296  270  247  225  206  191  181  174
  169  161  152  143  137  135  137  137  133  127  125  136  167  216  269  314
  343  363  382  410  446  489  533  578  621
    22.5-180.0 180.0   5.0 450.0                            LAT/LON1/LON2/DLON/H
  696  741  777  804  828  852  871  875  861  837  806  775  746  720  694  666
  635  604  573  547  520  490  461  438  433  447  477  516  561  607  647  661
  636  574  498  434  391  366  351  333  311  287  264  241  222  207  198  192
  186  177  164  152  144  140  142  143  142  139  140  155  189  240  295  339
  371  393  418  451  493  541  592  645  696
    20.0-180.0 180.0   5.0 450.0                            LAT/LON1/LON2/DLON/H
  776  826  866  897  931  971 1004 1013  989  944  890  838  794  760  728  696
  661  624  591  562  536  510  488  477  485  511  549  592  636  678  709  711
  667  587  497  424  378  353  339  327  311  295  277  258  240  226  218  214
  208  196  179  162  152  147  148  151  152  153  158  177  213  263  318  364
  397  426  458  497  545  598  656  717  776
    17.5-180.0 180.0   5.0 450.0                            LAT/LON1/LON2/DLON/H
  844  899  942  978 1022 1081 1135 1153 1124 1061  986  914  857  814  777  740
  698  657  620  588  562  541  527  527  547  580  617  653  687  716  730  715
  655  560  464  391  346  324  314  308  302  298  289  275  261  249  242  238
  230  215  194  173  160  154  154  157  161  165  176  197  234  284  338  384
  420  455  496  543  596  652  714  780  844
    15.0-180.0 180.0   5.0 450.0                            LAT/LON1/LON2/DLON/H
  888  945  988 1027 1080 1159 1236 1268 1242 1171 1082  997  930  882  841  800
  753  705  663  629  603  585  578  587  612  643  669  687  702  710  704  670
  597  500  409  346  311  294  289  289  294  301  302  294  283  272  266  261
  251  232  206  182  166  159  159  162  166  174  188  212  250  300  353  399
  438  479  528  582  637  693  754  821  888
    12.5-180.0 180.0   5.0 450.0                            LAT/LON1/LON2/DLON/H
  899  953  993 1031 1091 1185 1283 1334 1317 1248 1158 1071 1004  958  918  876
  825  772  725  689  662  646  642  653  674  692  696  688  675  658  632  582
  506  418  349  308  290  282  281  286  298  311  319  315  306  295  287  280
  267  244  215  188  171  162  161  162  168  177  194  221  260  310  363  409
  451  497  552  610  666  719  774  835  899
    10.0-180.0 180.0   5.0 450.0                            LAT/LON1/LON2/DLON/H
  882  928  959  990 1048 1150 1264 1333 1334 1279 1199 1122 1067 1029  999  960
  910  855  804  765  736  719  714  719  726  721  694  655  614  573  530  473
  404  340  305  297  300  303  306  311  322  336  342  338  327  315  305  294
  278  252  221  192  173  165  161  161  165  175  194  223  265  315  367  414
  457  507  566  627  681  728  775  827  882
     7.5-180.0 180.0   5.0 450.0                            LAT/LON1/LON2/DLON/H
  848  883  903  918  966 1063 1181 1265 1287 1254 1196 1141 1104 1085 1068 1039
  993  940  890  848  818  797  786  778  764  729  668  598  531  474  423  370
  319  290  296  324  351  365  368  368  370  372  369  359  345  329  315  301
  281  254  222  194  176  166  161  158  161  171  190  222  266  317  370  416
  460  511  570  632  683  724  762  803  848
     5.0-180.0 180.0   5.0 450.0                            LAT/LON1/LON2/DLON/H
  811  837  843  843  871  951 1060 1148 1187 1180 1150 1122 1112 1114 1114 1098
 1061 1013  965  925  892  868  847  824  786  720  629  533  449  386  338  300
  277  285  333  394  442  463  461  448  433  416  397  377  355  336  318  300
  279  252  221  195  178  169  163  158  157  166  185  219  265  318  371  418
  461  509  566  626  676  713  743  775  811
     2.5-180.0 180.0   5.0 450.0                            LAT/LON1/LON2/DLON/H
  786  805  802  787  794  850  937 1019 1067 1078 1072 1073 1087 1110 1128 1126
 1100 1061 1020  982  949  920  891  853  794  703  590  478  388  329  298  283
  292  336  414  498  555  576  565  536  499  460  422  388  359  334  314  295
  274  248  220  198  183  174  167  160  156  162  181  217  264  318  371  418
  460  505  557  613  662  698  726  754  786
