gLAB/files/disturbance/27_10_2014/igs3000_norms.14i
     1.0            IONOSPHERE MAPS     MIX                 IONEX VERSION / TYPE
cmpcmb v1.2          GRL/UWM            18-nov-14 09:33     PGM / RUN BY / DATE 
ionex file containing IGS COMBINED Ionosphere maps          COMMENT             
global ionosphere maps for day 300, 2014                    DESCRIPTION         
IONEX file containing the COMBINED IGS TEC MAPS and DCBs    DESCRIPTION         
      IONEX files of the following IAACs were combined: cod DESCRIPTION         
                                                        esa DESCRIPTION         
                                                        jpl DESCRIPTION         
Contact address: Andrzej Krankowski                         DESCRIPTION
                 Geodynamics Research Laboratory            DESCRIPTION
                 University of Warmia and Mazury (GRL/UWM)  DESCRIPTION
                 Oczapowski St. 1                           DESCRIPTION
                 10-957-Olsztyn, POLAND                     DESCRIPTION
                 e-mail:  kand@uwm.edu.pl                   DESCRIPTION
                                                            DESCRIPTION         
  2014    10    27     0     0     0                        EPOCH OF FIRST MAP  
  2014    10    28     0     0     0                        EPOCH OF LAST MAP   
  7200                                                      INTERVAL            
    13                                                      # OF MAPS IN FILE   
  COSZ                                                      MAPPING FUNCTION    
     0.0                                                    ELEVATION CUTOFF    
combined TEC calculated as weighted mean of input TEC valuesOBSERVABLES USED    
   386                                                      # OF STATIONS       
    31                                                      # OF SATELLITES     
  6371.0                                                    BASE RADIUS         
     2                                                      MAP DIMENSION       
   450.0 450.0   0.0                                        HGT1 / HGT2 / DHGT  
    87.5 -87.5  -2.5                                        LAT1 / LAT2 / DLAT  
  -180.0 180.0   5.0                                        LON1 / LON2 / DLON  
    -1                                                      EXPONENT            
TEC values in 0.1 tec units;  9999, if no value available   COMMENT             
DCB values in nanoseconds, reference is Sum_of_SatDCBs = 0  COMMENT             
                                                            END OF HEADER       
[from data line 858]
     3                                                      START OF TEC MAP    
  2014    10    27     4     0     0                        EPOCH OF CURRENT MAP
    87.5-180.0 180.0   5.0 450.0                            LAT/LON1/LON2/DLON/H
  134  133  132  131  130  130  129  129  128  128  128  128  127  127  127  127
  127  127  127  127  127  127  127  126  127  127  126  126  126  126  125  126
  126  126  126  126  126  126  127  127  128  128  129  129  130  131  131  132
  133  134  134  135  136  137  137  138  139  139  139  140  140  140  140  140
  139  139  138  138  137  136  136  135  134
    85.0-180.0 180.0   5.0 450.0                            LAT/LON1/LON2/DLON/H
  137  133  131  128  126  124  123  122  121  121  122  122  123  124  125  126
  127  128  128  128  129  128  128  127  126  126  124  123  122  122  121  120
  120  120  120  120  121  121  122  123  124  125  126  127  128  130  131  132
  134  136  138  140  142  144  146  148  150  152  153  154  155  156  156  156
  155  154  152  150  148  145  142  139  137
    82.5-180.0 180.0   5.0 450.0                            LAT/LON1/LON2/DLON/H
  142  136  130  124  120  116  114  112  111  112  113  115  118  121  124  127
  130  132  133  134  134  133  132  129  127  125  122  120  117  116  114  113
  113  113  113  114  115  117  118  119  121  122  124  125  127  128  130  132
  134  137  140  143  147  151  155  159  162  166  169  172  175  176  177  177
  176  175  172  169  164  159  153  148  142
    80.0-180.0 180.0   5.0 450.0                            LAT/LON1/LON2/DLON/H
  152  142  132  123  115  108  103  100  100  101  103  107  112  118  124  130
  134  138  140  141  140  139  136  132  128  123  118  113  109  107  104  104
  103  104  106  108  111  113  116  118  120  122  123  124  125  127  128  130
  133  137  141  146  151  157  164  170  176  182  187  192  196  199  201  202
  202  201  198  193  187  180  171  162  152
    77.5-180.0 180.0   5.0 450.0                            LAT/LON1/LON2/DLON/H
  169  155  140  126  113  103   95   90   88   89   93   98  106  114  123  130
  137  142  145  146  145  142  138  133  126  119  111  105  100   96   93   93
   94   96  100  103  108  112  115  118  120  122  123  123  124  125  126  128
  132  136  142  149  157  165  173  182  190  197  204  210  216  221  225  227
  228  228  225  221  214  206  195  183  169
    75.0-180.0 180.0   5.0 450.0                            LAT/LON1/LON2/DLON/H
  192  174  155  136  118  103   91   83   79   79   83   90   99  109  119  128
  136  142  146  147  145  142  137  130  122  113  105   98   92   87   85   85
   87   90   95  101  106  111  116  118  121  121  121  120  120  120  122  125
  130  136  145  154  164  175  185  195  205  213  220  227  232  238  243  247
  250  251  250  248  242  234  223  209  192
    72.5-180.0 180.0   5.0 450.0                            LAT/LON1/LON2/DLON/H
  219  198  176  152  129  110   93   81   75   73   77   83   92  103  113  123
  131  137  140  141  140  136  131  124  117  109  101   94   87   83   80   80
   82   86   92   99  105  110  114  117  118  117  116  114  113  114  117  122
  129  139  151  164  177  190  202  213  221  229  235  240  245  250  255  260
  264  268  270  270  266  261  250  236  219
    70.0-180.0 180.0   5.0 450.0                            LAT/LON1/LON2/DLON/H
  246  225  200  174  147  123  103   87   77   73   74   79   87   96  106  114
  121  126  129  130  129  127  122  117  111  105   99   93   88   84   81   80
   82   86   90   96  102  106  110  111  111  109  107  105  105  107  112  120
  132  146  162  179  195  210  223  234  241  247  250  253  256  259  263  267
  272  277  282  284  284  281  274  262  246
    67.5-180.0 180.0   5.0 450.0                            LAT/LON1/LON2/DLON/H
  268  249  225  198  169  141  117   98   85   78   76   79   84   91   98  104
  109  113  115  116  115  114  111  109  105  102   98   94   91   88   85   83
   83   85   88   92   95   98  100  100   99   97   95   95   97  101  110  123
  139  158  179  200  218  235  249  258  264  266  267  267  266  267  269  272
  276  282  287  291  294  294  290  282  268
    65.0-180.0 180.0   5.0 450.0                            LAT/LON1/LON2/DLON/H
  284  267  245  219  190  161  135  113   97   87   82   82   84   88   92   96
   99  101  102  102  102  101  101  100  100   99   98   97   95   92   89   86
   84   83   84   84   85   86   86   85   84   83   83   85   90   99  112  130
  151  176  201  225  247  264  276  284  288  288  286  283  281  279  278  279
  281  284  289  293  297  299  299  293  284
    62.5-180.0 180.0   5.0 450.0                            LAT/LON1/LON2/DLON/H
  291  279  259  235  207  178  152  129  111   99   92   88   87   88   89   90
   91   92   92   91   91   91   91   92   93   94   96   96   96   94   91   87
   83   80   77   75   73   72   70   69   69   70   73   79   87  102  120  143
  169  198  226  253  276  293  305  311  313  312  309  305  301  298  295  293
  292  292  292  294  297  299  300  298  291
    60.0-180.0 180.0   5.0 450.0                            LAT/LON1/LON2/DLON/H
  293  283  267  245  219  192  166  143  125  111  102   95   92   90   89   89
   89   89   88   87   86   84   84   85   86   89   91   92   93   92   89   84
   79   74   70   65   62   60   58   57   58   61   67   78   92  110  133  161
  191  222  253  280  304  320  331  337  338  337  335  332  328  325  321  316
  312  307  303  300  298  298  298  297  293
    57.5-180.0 180.0   5.0 450.0                            LAT/LON1/LON2/DLON/H
  292  283  269  250  226  200  175  153  135  121  110  102   96   93   91   92
   91   91   91   89   86   84   81   80   81   82   83   84   85   85   83   78
   73   68   63   59   55   53   51   51   53   59   69   83  101  124  151  182
  214  247  279  306  328  344  354  360  362  363  363  362  361  358  354  347
  339  331  322  314  307  302  300  297  292
    55.0-180.0 180.0   5.0 450.0                            LAT/LON1/LON2/DLON/H
  295  286  272  252  229  204  180  160  142  128  117  107  100   96   95   95
   97   98   97   96   91   87   82   79   76   75   75   76   77   77   75   72
   68   64   61   57   55   53   53   53   57   65   77   93  115  141  171  204
  238  272  302  329  350  365  374  381  385  388  391  394  394  393  388  381
  371  360  347  334  323  313  307  301  295
    52.5-180.0 180.0   5.0 450.0                            LAT/LON1/LON2/DLON/H
  304  293  278  258  233  208  184  165  148  134  122  111  103   98   98   99
  103  105  106  104   99   93   87   80   76   72   71   70   71   71   70   68
   65   64   63   62   62   62   62   63   67   75   88  107  131  159  192  226
  261  294  324  349  368  383  392  400  405  412  417  421  423  422  417  410
  400  388  374  359  344  331  321  312  304
    50.0-180.0 180.0   5.0 450.0                            LAT/LON1/LON2/DLON/H
  320  307  290  268  242  215  190  170  154  139  126  114  105  100   99  102
  107  111  113  111  107  100   93   86   80   76   73   72   71   71   70   69
   68   68   70   72   75   77   78   78   81   88  101  121  147  177  211  247
  282  315  344  367  385  398  408  417  424  431  437  441  442  440  435  427
  418  408  395  381  366  352  340  330  320
    47.5-180.0 180.0   5.0 450.0                            LAT/LON1/LON2/DLON/H
  338  326  308  284  256  226  199  178  162  147  133  118  107  101  100  104
  109  114  117  116  114  109  102   97   91   87   84   81   80   78   77   76
   75   77   80   86   90   93   94   93   94  100  112  133  161  195  230  267
  302  334  362  384  400  413  423  431  438  444  448  449  447  443  437  430
  422  415  406  395  383  370  358  348  338
    45.0-180.0 180.0   5.0 450.0                            LAT/LON1/LON2/DLON/H
  355  345  329  304  274  242  213  190  173  157  141  126  112  104  102  104
  110  116  119  120  119  118  115  112  109  105  102   99   96   93   90   87
   87   89   93   99  104  107  107  105  104  109  122  144  174  210  247  285
  320  352  377  398  413  425  434  441  447  450  449  446  440  434  427  421
  415  411  405  399  390  380  371  363  355
    42.5-180.0 180.0   5.0 450.0                            LAT/LON1/LON2/DLON/H
  365  359  345  323  293  259  229  205  186  170  153  136  122  111  106  107
  112  118  122  125  127  129  130  131  130  127  125  121  116  111  106  102
  100  101  105  110  115  116  115  112  110  115  128  153  186  224  262  300
  335  364  389  408  422  433  441  448  451  450  444  436  426  419  413  409
  406  403  401  396  390  382  375  370  365
    40.0-180.0 180.0   5.0 450.0                            LAT/LON1/LON2/DLON/H
  366  364  355  336  307  275  243  219  200  183  167  150  134  121  115  114
  117  123  128  132  138  143  147  151  152  151  148  143  137  130  123  117
  115  114  116  119  121  120  117  114  112  118  134  162  197  236  275  312
  344  372  395  413  426  437  446  452  453  449  440  429  419  414  412  411
  409  405  402  397  389  380  372  368  366
    37.5-180.0 180.0   5.0 450.0                            LAT/LON1/LON2/DLON/H
  358  359  355  340  315  284  253  228  209  194  179  163  147  134  126  123
  126  131  138  145  152  159  165  169  172  171  168  162  154  146  138  132
  129  127  126  125  124  120  116  112  113  121  141  171  209  248  286  320
  349  374  395  412  427  440  450  458  459  455  447  438  433  435  440  443
  441  435  425  414  399  384  370  361  358
    35.0-180.0 180.0   5.0 450.0                            LAT/LON1/LON2/DLON/H
  350  348  346  335  313  284  255  231  213  199  186  173  159  147  138  134
  136  142  151  160  168  175  180  184  185  184  180  175  167  159  151  146
  143  141  137  132  126  119  113  110  113  126  149  182  221  259  294  323
  349  370  390  408  426  444  459  470  476  476  474  475  481  494  508  516
  514  502  483  460  433  405  378  359  350
    32.5-180.0 180.0   5.0 450.0                            LAT/LON1/LON2/DLON/H
  351  341  335  324  304  278  251  228  211  198  188  177  166  155  147  142
  145  153  164  174  183  187  190  191  191  190  187  183  176  169  163  160
  159  156  150  140  130  119  111  109  115  132  160  194  233  270  300  324
  345  364  384  405  429  454  477  495  509  518  529  545  569  596  620  633
  629  610  580  542  499  454  409  374  351
    30.0-180.0 180.0   5.0 450.0                            LAT/LON1/LON2/DLON/H
  372  347  332  317  295  269  243  222  205  192  183  175  167  157  149  145
  149  159  172  183  191  192  191  190  190  191  192  191  187  182  179  178
  177  173  164  151  136  121  112  111  119  140  170  207  245  278  304  324
  341  359  381  408  441  475  508  536  560  582  610  646  689  731  765  782
  777  752  710  658  598  534  470  413  372
    27.5-180.0 180.0   5.0 450.0                            LAT/LON1/LON2/DLON/H
  419  375  346  321  295  266  240  218  200  185  175  168  162  155  147  143
  147  159  173  184  189  189  185  185  188  195  202  205  205  202  200  199
  197  191  180  163  144  127  116  114  124  147  179  217  254  285  308  325
  341  360  385  421  464  510  554  591  626  661  705  760  820  875  916  936
  931  901  852  791  720  641  558  481  419
    25.0-180.0 180.0   5.0 450.0                            LAT/LON1/LON2/DLON/H
  492  430  383  346  311  278  249  226  205  185  172  163  158  151  143  137
  141  153  166  175  179  177  176  179  190  206  221  231  234  232  228  224
  219  209  194  174  153  134  122  118  128  151  185  223  260  290  313  330
  347  369  401  446  501  558  610  656  699  745  801  868  939 1000 1043 1063
 1059 1029  980  917  843  760  667  574  492
    22.5-180.0 180.0   5.0 450.0                            LAT/LON1/LON2/DLON/H
  585  506  444  394  349  310  278  252  226  201  182  171  164  155  144  135
  137  146  156  161  163  164  168  180  203  230  255  272  276  271  261  251
  238  223  203  182  160  140  127  121  130  153  186  226  263  295  319  339
  360  388  429  483  548  613  671  722  770  821  881  951 1022 1081 1120 1138
 1133 1108 1065 1011  947  869  776  678  585
    20.0-180.0 180.0   5.0 450.0                            LAT/LON1/LON2/DLON/H
  682  597  524  462  410  367  331  301  271  241  216  201  190  177  160  147
  144  148  151  151  151  156  170  194  230  270  304  323  325  315  296  276
  254  229  206  183  163  144  130  123  129  150  184  225  264  298  326  352
  379  416  465  528  600  670  730  781  828  878  934  995 1053 1100 1130 1142
 1138 1119 1090 1054 1010  950  871  777  682
    17.5-180.0 180.0   5.0 450.0                            LAT/LON1/LON2/DLON/H
  772  689  611  545  489  443  406  373  340  305  278  259  244  225  201  181
  171  166  161  153  153  164  187  225  273  322  360  378  375  356  327  294
  261  228  201  179  161  145  131  122  126  146  181  223  265  302  335  367
  404  449  505  574  649  720  778  825  868  912  956  999 1038 1067 1084 1087
 1080 1067 1054 1041 1023  991  935  858  772
    15.0-180.0 180.0   5.0 450.0                            LAT/LON1/LON2/DLON/H
  845  771  699  632  576  531  493  460  427  394  367  348  329  303  272  243
  223  208  193  179  177  193  225  272  327  379  415  427  415  386  347  304
  260  221  190  170  156  144  131  122  124  143  178  222  266  307  345  384
  428  481  542  613  688  756  808  849  886  921  951  974  990 1000 1003  997
  986  979  980  987  995  990  963  912  845
    12.5-180.0 180.0   5.0 450.0                            LAT/LON1/LON2/DLON/H
  896  839  776  716  663  620  584  551  520  492  471  456  435  405  367  331
  301  275  251  232  229  245  282  331  386  433  459  460  438  400  354  304
  254  210  178  160  151  144  133  123  124  143  178  224  271  313  354  398
  449  506  569  638  709  771  819  854  885  910  926  932  930  927  920  907
  894  889  898  920  946  964  963  939  896
    10.0-180.0 180.0   5.0 450.0                            LAT/LON1/LON2/DLON/H
  928  890  840  788  740  700  666  634  606  584  572  562  546  514  474  433
  396  362  330  309  304  318  351  396  441  474  485  472  440  397  348  298
  247  202  170  154  150  146  137  127  128  146  182  229  277  320  362  409
  463  522  583  647  710  767  810  842  868  886  894  890  881  873  864  851
  837  831  842  867  899  931  950  949  928
     7.5-180.0 180.0   5.0 450.0                            LAT/LON1/LON2/DLON/H
  949  926  888  846  803  765  730  698  671  654  650  648  635  608  570  529
  488  450  419  399  392  399  422  455  485  499  492  466  427  383  338  292
  245  201  171  157  154  153  145  135  135  154  191  237  284  326  368  415
  469  526  582  639  695  745  786  819  843  858  864  861  857  855  854  848
  838  830  835  852  879  910  937  953  949
     5.0-180.0 180.0   5.0 450.0                            LAT/LON1/LON2/DLON/H
  963  950  923  887  849  811  773  736  706  690  690  694  687  665  633  598
  559  523  495  481  474  473  482  500  513  508  485  449  408  368  331  293
  252  212  182  168  166  164  155  145  146  165  202  247  292  331  371  417
  468  520  571  620  669  716  758  793  819  834  842  850  859  873  888  895
  893  886  881  883  893  913  938  957  963
     2.5-180.0 180.0   5.0 450.0                            LAT/LON1/LON2/DLON/H
  974  966  944  912  877  839  797  752  714  692  688  690  686  670  648  622
  591  562  546  540  534  526  522  526  524  506  472  433  394  361  334  305
  271  234  204  187  181  177  167  157  158  177  213  256  299  335  373  415
  463  511  555  598  641  685  729  770  799  817  833  854  883  917  951  975
  984  978  963  948  938  941  954  968  974
